epoch	train_loss	test_loss	test_metric
0	0.3073923885822296	0.3810964524745941	0.3999236226081848
1	0.2628037631511688	0.3343786597251892	0.4281269311904907
2	0.22490841150283813	0.2907112240791321	0.45533424615859985
3	0.19386470317840576	0.25672632455825806	0.4772637188434601
4	0.1713947355747223	0.23185382783412933	0.4917726516723633
5	0.15684974193572998	0.21538785099983215	0.5067155957221985
6	0.14664916694164276	0.20529337227344513	0.5267165899276733
7	0.13770543038845062	0.19720284640789032	0.5467962026596069
8	0.13628536462783813	0.1916532963514328	0.5687330961227417
9	0.12985192239284515	0.18771277368068695	0.5902670621871948
10	0.12509490549564362	0.18115048110485077	0.6084784865379333
11	0.12187967449426651	0.1753118634223938	0.621680498123169
12	0.11912930756807327	0.1742851287126541	0.6305772066116333
13	0.1151387169957161	0.17850211262702942	0.6320474743843079
14	0.11215373128652573	0.1768031120300293	0.6322339773178101
15	0.11208564043045044	0.16932623088359833	0.6358455419540405
16	0.10958120226860046	0.16749995946884155	0.6392572522163391
17	0.10491777956485748	0.17271699011325836	0.6389564871788025
18	0.10420326143503189	0.17465975880622864	0.6379412412643433
19	0.10257009416818619	0.1699981689453125	0.6384996175765991
20	0.1012083888053894	0.1663541942834854	0.6395040154457092
21	0.10028651356697083	0.16997294127941132	0.643977165222168
22	0.09855084866285324	0.17603446543216705	0.6455225944519043
23	0.09875465929508209	0.17162996530532837	0.6498732566833496
24	0.09637992084026337	0.1597289741039276	0.6567689180374146
25	0.09608758985996246	0.15984344482421875	0.6609082818031311
26	0.09421160817146301	0.17085137963294983	0.6619968414306641
27	0.09315204620361328	0.170120969414711	0.6689115762710571
28	0.09144716709852219	0.15584547817707062	0.679722249507904
29	0.09048303216695786	0.150070458650589	0.6864867806434631
30	0.08911219984292984	0.15470510721206665	0.6920811533927917
31	0.08764517307281494	0.1652497947216034	0.69434654712677
32	0.08924800157546997	0.15495885908603668	0.7024918794631958
33	0.0848894789814949	0.14357620477676392	0.7063575983047485
34	0.08852614462375641	0.14451941847801208	0.708198606967926
35	0.08447850495576859	0.15498733520507812	0.7074480056762695
36	0.08388989418745041	0.15553152561187744	0.7127586007118225
37	0.08543858677148819	0.14111605286598206	0.7258557677268982
38	0.08090353012084961	0.13264591991901398	0.735368549823761
39	0.08121874183416367	0.13653318583965302	0.738615870475769
40	0.08100971579551697	0.14986489713191986	0.7350661754608154
41	0.08099856227636337	0.1511915773153305	0.7324134707450867
42	0.07972902059555054	0.14030848443508148	0.73333740234375
43	0.0751725435256958	0.13126328587532043	0.7305961847305298
44	0.08071994036436081	0.1342284232378006	0.7322733998298645
45	0.07585890591144562	0.14315585792064667	0.7336388826370239
46	0.0748264268040657	0.14268676936626434	0.7371757626533508
47	0.07682842761278152	0.1313350796699524	0.7454032301902771
48	0.074664406478405	0.12497376650571823	0.749526858329773
49	0.07524840533733368	0.12851305305957794	0.7504349946975708
50	0.07247576117515564	0.1387820988893509	0.7471902370452881
51	0.07208558917045593	0.139589324593544	0.7482061386108398
52	0.07312297075986862	0.12805412709712982	0.7541726231575012
53	0.06879845261573792	0.12429385632276535	0.7571105360984802
54	0.07221542298793793	0.1296149045228958	0.7565739750862122
55	0.06947674602270126	0.13931772112846375	0.7515767216682434
56	0.07094933092594147	0.13803081214427948	0.7489413022994995
57	0.07029445469379425	0.12756496667861938	0.7508671283721924
58	0.06842748820781708	0.12474557757377625	0.7520262598991394
59	0.06883072853088379	0.1275850385427475	0.7561257481575012
60	0.06581722944974899	0.13293370604515076	0.7573723196983337
61	0.06808557361364365	0.12814795970916748	0.7610102891921997
62	0.0656697005033493	0.12216053903102875	0.7614588737487793
63	0.0644456073641777	0.12350677698850632	0.7560402154922485
64	0.06363672018051147	0.12948456406593323	0.7511066198348999
65	0.06370417773723602	0.1271842122077942	0.7573007345199585
66	0.06522513180971146	0.12320251762866974	0.7624253630638123
67	0.06273913383483887	0.12207726389169693	0.7642829418182373
68	0.06331474334001541	0.1244329959154129	0.7596039772033691
69	0.06310124695301056	0.12772315740585327	0.7521975636482239
70	0.0627489760518074	0.12617462873458862	0.7489274740219116
71	0.05985640361905098	0.12232693284749985	0.7509269118309021
72	0.06176935136318207	0.12503790855407715	0.7514848709106445
73	0.060328684747219086	0.12618282437324524	0.7561036944389343
74	0.0607011578977108	0.11984380334615707	0.7657367587089539
75	0.05708169564604759	0.11782588809728622	0.7694563269615173
76	0.060404714196920395	0.11930147558450699	0.7678775191307068
77	0.05895579233765602	0.12049677222967148	0.7642998099327087
78	0.056971266865730286	0.12160079181194305	0.7609928250312805
79	0.05684826523065567	0.11978240311145782	0.7618306279182434
80	0.05671748146414757	0.11857973784208298	0.7652026414871216
81	0.05812086537480354	0.11814168095588684	0.7712443470954895
82	0.05587342754006386	0.11696283519268036	0.7741891145706177
83	0.057129353284835815	0.1174965351819992	0.7748169898986816
84	0.055077120661735535	0.11766654253005981	0.7735786437988281
85	0.056474875658750534	0.11485011130571365	0.7745447158813477
86	0.055965401232242584	0.11618877202272415	0.7757272720336914
87	0.05413877218961716	0.11918304860591888	0.7745735049247742
88	0.05343444272875786	0.121192067861557	0.7730653285980225
89	0.055395010858774185	0.11262069642543793	0.7763480544090271
90	0.05332623049616814	0.11335571110248566	0.7741184830665588
91	0.054673321545124054	0.12389644980430603	0.7652872800827026
92	0.054859522730112076	0.12355933338403702	0.7647352814674377
93	0.054986461997032166	0.1148906871676445	0.7660601735115051
94	0.054270628839731216	0.11524899303913116	0.7660765051841736
95	0.054359402507543564	0.12152240425348282	0.7663830518722534
96	0.051801979541778564	0.11808086186647415	0.7741400003433228
97	0.0508144348859787	0.11580865830183029	0.7767081260681152
98	0.051320284605026245	0.11638158559799194	0.7742853164672852
99	0.05027813836932182	0.11630766093730927	0.7712015509605408
100	0.050224948674440384	0.11629331111907959	0.7709271311759949
101	0.052295442670583725	0.11838378012180328	0.7711006999015808
102	0.04979246109724045	0.11726260185241699	0.7732926607131958
103	0.04976143315434456	0.11533783376216888	0.7733234763145447
104	0.04858599975705147	0.11935263872146606	0.7687435150146484
105	0.04963307827711105	0.11700117588043213	0.7650286555290222
106	0.04945007339119911	0.11516934633255005	0.7660966515541077
107	0.048678018152713776	0.1188848689198494	0.7696908712387085
108	0.04775562509894371	0.11706932634115219	0.774519145488739
109	0.0480690598487854	0.11235199123620987	0.7743868827819824
110	0.046810150146484375	0.11365021765232086	0.7682783007621765
111	0.04765155538916588	0.11682254076004028	0.765876054763794
112	0.04787367209792137	0.11311719566583633	0.7718425989151001
113	0.04636738449335098	0.11674073338508606	0.7691541314125061
114	0.04682352393865585	0.11569574475288391	0.7672024369239807
115	0.04705725610256195	0.11466073244810104	0.7656023502349854
116	0.04746394604444504	0.11823023110628128	0.7643997073173523
117	0.04648888111114502	0.11657769978046417	0.7637318968772888
118	0.046492256224155426	0.11462555080652237	0.7640997767448425
119	0.04712831228971481	0.11388333886861801	0.7664830088615417
120	0.04608772322535515	0.11581327021121979	0.7685472369194031
121	0.04566391557455063	0.11575428396463394	0.7692567110061646
122	0.044062331318855286	0.11437216401100159	0.7696197628974915
123	0.04522288218140602	0.11501795053482056	0.7712205052375793
124	0.0448615737259388	0.1173209473490715	0.7692574858665466
125	0.04382622614502907	0.11824245005846024	0.7665119767189026
126	0.04294806346297264	0.11341144144535065	0.7667548656463623
127	0.044854145497083664	0.11291822046041489	0.7666599750518799
128	0.043802935630083084	0.11460541933774948	0.7668159604072571
129	0.04376233369112015	0.11605224013328552	0.7674704194068909
130	0.04359899088740349	0.11575473845005035	0.7647277116775513
131	0.04372197017073631	0.11604081839323044	0.7606505155563354
132	0.043938491493463516	0.1175268292427063	0.7564329504966736
133	0.04225002974271774	0.11392885446548462	0.7585133910179138
134	0.04410809651017189	0.11523600667715073	0.7586042284965515
135	0.04251827672123909	0.11568540334701538	0.7597571015357971
136	0.04346748813986778	0.11553946137428284	0.7619426846504211
137	0.04153762385249138	0.11565719544887543	0.7629050016403198
138	0.04339323937892914	0.11225006729364395	0.7647926807403564
139	0.0432857945561409	0.1151936873793602	0.7650113105773926
140	0.04219764471054077	0.11803140491247177	0.763044536113739
141	0.041949834674596786	0.11429798603057861	0.7631171941757202
142	0.042867567390203476	0.11365851759910583	0.7628158330917358
143	0.04037899151444435	0.1160985454916954	0.7630031704902649
144	0.0399097241461277	0.11649978160858154	0.7629830837249756
145	0.041915010660886765	0.11534010618925095	0.7617092132568359
146	0.04079257324337959	0.11539296060800552	0.7613431811332703
147	0.04029584676027298	0.11546461284160614	0.7628104090690613
148	0.04001113772392273	0.11583705246448517	0.7639122009277344
149	0.04021734744310379	0.114742211997509	0.764377236366272
150	0.040503811091184616	0.11424428224563599	0.7635387778282166
151	0.03960839658975601	0.1137956827878952	0.7619004845619202
152	0.04146631062030792	0.1171175092458725	0.7601287961006165
153	0.040476422756910324	0.1155608743429184	0.7648117542266846
154	0.039284396916627884	0.11463072150945663	0.7653728127479553
155	0.037765707820653915	0.1136581227183342	0.7632951736450195
156	0.04006781801581383	0.11741475015878677	0.7581651210784912
157	0.039834748953580856	0.12014415115118027	0.7564104795455933
158	0.03997630253434181	0.11734941601753235	0.7590771913528442
159	0.03862834721803665	0.11471022665500641	0.7610896229743958
160	0.03928364813327789	0.1183282881975174	0.7607381939888
161	0.03838394582271576	0.11868521571159363	0.7584884762763977
162	0.03819729760289192	0.11264126002788544	0.7613894939422607
163	0.039423614740371704	0.11398942768573761	0.7613800168037415
164	0.03841185197234154	0.12182578444480896	0.7569246292114258
165	0.041887760162353516	0.11488942801952362	0.7572298049926758
166	0.038394127041101456	0.1131131574511528	0.752701997756958
167	0.04037342593073845	0.11554192751646042	0.7541525959968567
168	0.03853588178753853	0.1153545007109642	0.7611821293830872
169	0.0380527563393116	0.11386588960886002	0.7621599435806274
170	0.03809412568807602	0.11328307539224625	0.760692834854126
171	0.03892336040735245	0.1124592125415802	0.7606499791145325
172	0.03834675997495651	0.1153922826051712	0.7613382339477539
173	0.03745611011981964	0.116194948554039	0.7602595686912537
174	0.03803091123700142	0.11449874192476273	0.7593519687652588
175	0.03744983673095703	0.11559132486581802	0.7588781714439392
176	0.03704902157187462	0.11714430153369904	0.7569679021835327
177	0.03706703335046768	0.11692164093255997	0.755897045135498
178	0.03597728908061981	0.11350423097610474	0.7561809420585632
179	0.03632301092147827	0.11712638288736343	0.7550972700119019
180	0.03880317881703377	0.11806223541498184	0.7564579248428345
181	0.038053013384342194	0.11301468312740326	0.7572498321533203
182	0.03692946583032608	0.11469167470932007	0.7526304125785828
183	0.03753729537129402	0.1175864189863205	0.7507719993591309
184	0.03838694095611572	0.11186462640762329	0.7577495574951172
185	0.036684781312942505	0.11361788958311081	0.7590959668159485
186	0.0367603525519371	0.1156250387430191	0.7591145038604736
187	0.03679543733596802	0.11235173791646957	0.7590624690055847
188	0.03671704977750778	0.11262453347444534	0.7544711232185364
189	0.036885835230350494	0.11773930490016937	0.7479407787322998
190	0.037617020308971405	0.11390586197376251	0.7519763708114624
191	0.03587739169597626	0.11022940278053284	0.7563983798027039
192	0.03657914325594902	0.1140633076429367	0.7570067048072815
193	0.03731537237763405	0.11521190404891968	0.7555184960365295
194	0.03582840785384178	0.11577899008989334	0.7516403794288635
195	0.035394299775362015	0.11610399186611176	0.7463674545288086
196	0.0348043255507946	0.11450988799333572	0.7478742599487305
197	0.03716660663485527	0.11379840224981308	0.7546074986457825
198	0.03576410189270973	0.11638662219047546	0.7593899965286255
199	0.034775663167238235	0.11289303004741669	0.7613750100135803
200	0.0357082299888134	0.11116208136081696	0.760986864566803
201	0.03600389510393143	0.11726275831460953	0.7571290135383606
202	0.0357382595539093	0.11713692545890808	0.7544704079627991
203	0.03559580445289612	0.11165716499090195	0.7555788159370422
204	0.035549718886613846	0.11157339066267014	0.7551462054252625
205	0.03421619161963463	0.11665263772010803	0.753605306148529
206	0.03421542048454285	0.11528266221284866	0.7525734305381775
207	0.033732492476701736	0.11243085563182831	0.7487033605575562
208	0.036047786474227905	0.11452169716358185	0.7471744418144226
209	0.03362143039703369	0.11703351885080338	0.7485867142677307
210	0.034587930887937546	0.11344101279973984	0.7483267188072205
211	0.03365841880440712	0.11307086795568466	0.7453874349594116
212	0.03549114987254143	0.11528836190700531	0.7488536238670349
213	0.034182049334049225	0.11557216197252274	0.7512272000312805
214	0.034491103142499924	0.11391296237707138	0.7525637745857239
215	0.034123893827199936	0.11471845954656601	0.7497014403343201
216	0.03342543542385101	0.11633579432964325	0.7476767897605896
217	0.033692777156829834	0.11431802809238434	0.7493627071380615
218	0.03307868540287018	0.11363758146762848	0.7503484487533569
219	0.03348541632294655	0.11410817503929138	0.750813364982605
220	0.033536601811647415	0.11296486854553223	0.7518376708030701
221	0.03243783488869667	0.11456089466810226	0.7537526488304138
222	0.032649654895067215	0.11356179416179657	0.7560325264930725
223	0.03319007158279419	0.11338356137275696	0.7558497190475464
224	0.033649757504463196	0.11268560588359833	0.7533295154571533
225	0.03365293890237808	0.11160732060670853	0.751476526260376
226	0.03403934836387634	0.11324699223041534	0.7516050338745117
227	0.03177768737077713	0.11442570388317108	0.749713659286499
228	0.03340861573815346	0.11755368858575821	0.745387852191925
229	0.0329337976872921	0.11763176321983337	0.742200493812561
230	0.03296509385108948	0.11645037680864334	0.7427120208740234
231	0.03336343169212341	0.11315334588289261	0.7483106255531311
232	0.03337864950299263	0.11461955308914185	0.7508249282836914
233	0.032204534858465195	0.11526744812726974	0.7521399855613708
234	0.03372322395443916	0.11418533325195312	0.7537086606025696
235	0.0328727625310421	0.11319974809885025	0.7552552819252014
236	0.03217769414186478	0.11362084001302719	0.7535532712936401
237	0.032486047595739365	0.11030914634466171	0.751970112323761
238	0.03400994464755058	0.11269660294055939	0.7504518628120422
239	0.03261226415634155	0.1157355010509491	0.7483002543449402
240	0.03326183184981346	0.11291899532079697	0.751503586769104
241	0.032707080245018005	0.1106126606464386	0.7546271085739136
242	0.033938098698854446	0.11433354020118713	0.7556480765342712
243	0.032790012657642365	0.11678957939147949	0.7514135837554932
244	0.032933201640844345	0.11551066488027573	0.7448071837425232
245	0.032401103526353836	0.11465348303318024	0.7450467348098755
246	0.03270641341805458	0.11495067179203033	0.7501797676086426
247	0.03096711076796055	0.11489859968423843	0.7512871026992798
248	0.03229640796780586	0.113913893699646	0.7515203952789307
249	0.03387147933244705	0.11280956119298935	0.75089031457901
250	0.03179575130343437	0.114725761115551	0.7494438886642456
251	0.032892413437366486	0.11412828415632248	0.7499287128448486
252	0.0333726666867733	0.11206336319446564	0.752959668636322
253	0.03143131732940674	0.11292769014835358	0.7542218565940857
254	0.03174666687846184	0.11497490853071213	0.7553733587265015
255	0.03289662301540375	0.11159348487854004	0.7545313835144043
256	0.03175007924437523	0.11167100071907043	0.7549452185630798
257	0.0320061519742012	0.11499692499637604	0.7556182742118835
258	0.03236972168087959	0.11408895999193192	0.7567299008369446
259	0.031768061220645905	0.11140529811382294	0.7542749047279358
260	0.03158237040042877	0.11431099474430084	0.750568151473999
261	0.032733723521232605	0.11432603001594543	0.7508007287979126
262	0.03162887319922447	0.11213573813438416	0.7547913193702698
263	0.030914118513464928	0.11219778656959534	0.758207380771637
264	0.03184719756245613	0.11384479701519012	0.7563710808753967
265	0.03125275671482086	0.11450913548469543	0.7533883452415466
266	0.030986959114670753	0.11543549597263336	0.7480764389038086
267	0.0313962958753109	0.11725402623414993	0.7479769587516785
268	0.03206072747707367	0.11750859022140503	0.749998152256012
269	0.030605921521782875	0.1138855367898941	0.7506245970726013
270	0.031778138130903244	0.11445850133895874	0.7524084448814392
271	0.03214976564049721	0.11520441621541977	0.7545745372772217
272	0.0322728157043457	0.11318228393793106	0.7546589970588684
273	0.03157910332083702	0.11458338052034378	0.7529466152191162
274	0.030596837401390076	0.11816961318254471	0.7499715089797974
275	0.03213079646229744	0.11264295876026154	0.7535807490348816
276	0.031191252171993256	0.11081289499998093	0.7568800449371338
277	0.030840812250971794	0.1128312200307846	0.7573846578598022
278	0.030657723546028137	0.11372807621955872	0.7553102374076843
279	0.03143313154578209	0.11228325963020325	0.7514420747756958
280	0.029753783717751503	0.11314494162797928	0.7503453493118286
281	0.03076797164976597	0.11576207727193832	0.7515696287155151
282	0.030659399926662445	0.11450642347335815	0.7511208057403564
283	0.029837513342499733	0.1130085214972496	0.7508926391601562
284	0.031223757192492485	0.11269797384738922	0.7502185106277466
285	0.0302457083016634	0.11326289921998978	0.7495407462120056
286	0.029859500005841255	0.1128130555152893	0.7505428194999695
287	0.030246827751398087	0.11466187983751297	0.7480430603027344
288	0.03084108792245388	0.11397735029459	0.7477002739906311
289	0.030603302642703056	0.11307178437709808	0.7498061656951904
290	0.030103445053100586	0.11442192643880844	0.75045245885849
291	0.032094914466142654	0.112278051674366	0.7522870302200317
292	0.03057439625263214	0.11388136446475983	0.7547258734703064
293	0.029638154432177544	0.11541346460580826	0.7542448043823242
294	0.03003084473311901	0.11467978358268738	0.750340461730957
295	0.029445115476846695	0.11225853115320206	0.748177170753479
296	0.030868694186210632	0.11272037774324417	0.7485113143920898
297	0.029630141332745552	0.1130092591047287	0.7507327198982239
298	0.029766853898763657	0.11330980062484741	0.752190351486206
299	0.029373204335570335	0.1122094914317131	0.750779926776886
300	0.030253568664193153	0.11395369470119476	0.7464047074317932
301	0.03021387942135334	0.1149686872959137	0.7452538013458252
302	0.030050117522478104	0.11340874433517456	0.7479685544967651
303	0.030626170337200165	0.11223018914461136	0.7499232888221741
304	0.030467458069324493	0.11359155923128128	0.7493078112602234
305	0.028356270864605904	0.11619941145181656	0.7482563257217407
306	0.029993340373039246	0.113306425511837	0.7475870251655579
307	0.029473017901182175	0.11209070682525635	0.7518036961555481
308	0.030077993869781494	0.11405481398105621	0.7552899122238159
309	0.030156129971146584	0.11073672026395798	0.7559681534767151
310	0.029670795425772667	0.11019794642925262	0.7532495856285095
311	0.029499158263206482	0.11181530356407166	0.7532618641853333
312	0.03126894310116768	0.1117900088429451	0.7549605965614319
313	0.03023703210055828	0.10968846082687378	0.7560726404190063
314	0.03004290722310543	0.11243319511413574	0.756184458732605
315	0.028615733608603477	0.11439450830221176	0.75358647108078
316	0.030202332884073257	0.11213032156229019	0.7515188455581665
317	0.031044164672493935	0.11145773530006409	0.7527406215667725
318	0.029450567439198494	0.11429072916507721	0.7533236145973206
319	0.0303321685642004	0.11451078951358795	0.7530724406242371
320	0.028424130752682686	0.11196380853652954	0.7516297698020935
321	0.030512450262904167	0.1137470230460167	0.7530649304389954
322	0.028814122080802917	0.1145186647772789	0.7538197040557861
323	0.02889239601790905	0.11352206021547318	0.7528828382492065
324	0.029060134664177895	0.11478505283594131	0.7528578042984009
325	0.029820408672094345	0.11510419100522995	0.7507796883583069
326	0.029059721156954765	0.11199885606765747	0.7496854066848755
327	0.028917530551552773	0.11260037869215012	0.748396635055542
328	0.028940679505467415	0.11269241571426392	0.7498366832733154
329	0.02878912352025509	0.11266123503446579	0.752678632736206
330	0.02935965172946453	0.1154833659529686	0.7541364431381226
331	0.03024848736822605	0.11152689158916473	0.7524369955062866
332	0.028823435306549072	0.11086409538984299	0.7511609196662903
333	0.02914459817111492	0.11282369494438171	0.7524552345275879
334	0.029970768839120865	0.11143932491540909	0.753227949142456
335	0.02870567888021469	0.1102234274148941	0.7512938976287842
336	0.02942007966339588	0.11592964082956314	0.7482004761695862
337	0.029290564358234406	0.1151946634054184	0.7477226853370667
338	0.028673717752099037	0.1110365092754364	0.7489778995513916
339	0.028474580496549606	0.11059920489788055	0.7508289217948914
340	0.028992652893066406	0.11064035445451736	0.7544869184494019
341	0.027883512899279594	0.11034463346004486	0.7547315955162048
342	0.02835436351597309	0.11296732723712921	0.7534934282302856
343	0.029953619465231895	0.11266561597585678	0.7512623071670532
344	0.028989477083086967	0.11237632483243942	0.7482542395591736
345	0.02846400812268257	0.11229028552770615	0.7475984692573547
346	0.02811529114842415	0.11291177570819855	0.7466675639152527
347	0.027493277564644814	0.11800017207860947	0.744274377822876
348	0.03018110617995262	0.11432056874036789	0.7446431517601013
349	0.028908265754580498	0.1127452701330185	0.7443596124649048
350	0.028764646500349045	0.11531616002321243	0.7424502372741699
351	0.029438061639666557	0.1155366599559784	0.7416430711746216
352	0.028321797028183937	0.1126641258597374	0.7430250644683838
353	0.02902655489742756	0.11483179777860641	0.7458648681640625
354	0.02847333438694477	0.11537603288888931	0.7458366751670837
355	0.02862396091222763	0.1136302575469017	0.7469009757041931
356	0.02909049205482006	0.11142344772815704	0.7508383989334106
357	0.027804451063275337	0.11232716590166092	0.7549648284912109
358	0.02787860296666622	0.11331236362457275	0.7560361623764038
359	0.028001245111227036	0.11125434190034866	0.7540349960327148
360	0.028647372499108315	0.11272301524877548	0.7516021728515625
361	0.028932394459843636	0.112479567527771	0.7534891366958618
362	0.028351733461022377	0.11110953986644745	0.7565802931785583
363	0.027817895635962486	0.11452792584896088	0.7555755972862244
364	0.02888818271458149	0.11224593222141266	0.7513623833656311
365	0.028377316892147064	0.11240153759717941	0.746917724609375
366	0.027930647134780884	0.11715959012508392	0.7462785840034485
367	0.02996816486120224	0.11324653029441833	0.7477285861968994
368	0.027252014726400375	0.11204159259796143	0.7491388320922852
369	0.028361527249217033	0.11431566625833511	0.7499611377716064
370	0.028363985940814018	0.11465401947498322	0.7503618001937866
371	0.027511293068528175	0.113153837621212	0.7502977848052979
372	0.027345353737473488	0.11146137118339539	0.7502678632736206
373	0.02769213356077671	0.11148536205291748	0.7523533701896667
374	0.028409862890839577	0.11470723897218704	0.7535533308982849
375	0.027890630066394806	0.11259327828884125	0.7508045434951782
376	0.02820652909576893	0.11304423213005066	0.7449936866760254
377	0.02769533544778824	0.11559001356363297	0.7391605377197266
378	0.028715744614601135	0.11459997296333313	0.7386745810508728
379	0.02775191143155098	0.11350845545530319	0.7419285178184509
380	0.028446514159440994	0.11433392763137817	0.7468974590301514
381	0.027685511857271194	0.11576060950756073	0.7481220960617065
382	0.02816750854253769	0.11428222060203552	0.7452861666679382
383	0.026219794526696205	0.11467961221933365	0.7431331872940063
384	0.025496361777186394	0.11572647094726562	0.7441264390945435
385	0.02732541412115097	0.112403005361557	0.745697021484375
386	0.028769539669156075	0.11142198741436005	0.7505457401275635
387	0.02704996056854725	0.11233759671449661	0.7547013759613037
388	0.027059510350227356	0.11281683295965195	0.756644606590271
389	0.028368130326271057	0.11163558810949326	0.7563011646270752
390	0.02679463103413582	0.11044640094041824	0.7519227862358093
391	0.026581712067127228	0.11174404621124268	0.7483629584312439
392	0.02709590084850788	0.11600727587938309	0.7482078671455383
393	0.027046754956245422	0.11654213070869446	0.7491346597671509
394	0.02723095379769802	0.11247611790895462	0.7476931810379028
395	0.02793864905834198	0.11216658353805542	0.7475693821907043
396	0.027990572154521942	0.11671405285596848	0.7483633756637573
397	0.029237184673547745	0.11561429500579834	0.745570182800293
398	0.025294551625847816	0.11415465921163559	0.7396377921104431
399	0.02823580987751484	0.11508496105670929	0.7431597113609314
400	0.02721647173166275	0.1183604821562767	0.7502397894859314
401	0.028613222762942314	0.11107474565505981	0.7545322775840759
402	0.027363169938325882	0.10844258219003677	0.755989134311676
403	0.027757572010159492	0.1114930808544159	0.7575780749320984
404	0.026796119287610054	0.11464367061853409	0.7567898035049438
405	0.02793503925204277	0.11191665381193161	0.7507163882255554
406	0.02619623951613903	0.11111236363649368	0.7469547986984253
407	0.027607839554548264	0.1151798889040947	0.7484503984451294
408	0.026790155097842216	0.11525455862283707	0.7500274777412415
409	0.027229584753513336	0.11149321496486664	0.7504976391792297
410	0.026595991104841232	0.11061995476484299	0.7493172287940979
411	0.027615727856755257	0.11276780813932419	0.7476573586463928
412	0.026923084631562233	0.11427304893732071	0.7469874620437622
413	0.027644725516438484	0.11408700793981552	0.7462576031684875
414	0.02619840018451214	0.11315935105085373	0.7464523315429688
415	0.02632891945540905	0.11377684026956558	0.7467697858810425
416	0.02794373221695423	0.11196265369653702	0.7508325576782227
417	0.02696148119866848	0.11143085360527039	0.7543928027153015
418	0.025947434827685356	0.11134578287601471	0.7534152865409851
419	0.027773460373282433	0.11121019721031189	0.753743588924408
420	0.02686421573162079	0.11256792396306992	0.7519007325172424
421	0.026659011840820312	0.11470639705657959	0.7490132451057434
422	0.02789861150085926	0.11387734115123749	0.7480241060256958
423	0.026538873091340065	0.11439953744411469	0.7481840252876282
424	0.026219310238957405	0.11528419703245163	0.7507209777832031
425	0.02724084071815014	0.11371074616909027	0.7511992454528809
426	0.026616526767611504	0.1119697317481041	0.751240611076355
427	0.027229856699705124	0.11149868369102478	0.7523354291915894
428	0.027609510347247124	0.11144798994064331	0.7537422776222229
429	0.025987211614847183	0.11232557892799377	0.7522687315940857
430	0.02531346306204796	0.11242889612913132	0.7490031719207764
431	0.026009894907474518	0.11090327799320221	0.7459980845451355
432	0.025632064789533615	0.11220332235097885	0.7463557124137878
433	0.026407301425933838	0.11287105828523636	0.749695897102356
434	0.02533724531531334	0.11259163916110992	0.7504080533981323
435	0.025431087240576744	0.11344604939222336	0.7485460042953491
436	0.025580130517482758	0.11490758508443832	0.7476000189781189
437	0.025576172396540642	0.11274248361587524	0.7476122975349426
438	0.02531859651207924	0.11096770316362381	0.7484251856803894
439	0.02530655264854431	0.11379114538431168	0.7500752210617065
440	0.02605162002146244	0.11280214041471481	0.7502822875976562
441	0.025318237021565437	0.11102021485567093	0.7491798400878906
442	0.02531159669160843	0.11212238669395447	0.7504636645317078
443	0.02564067207276821	0.11457835137844086	0.7504003047943115
444	0.027011677622795105	0.11223018914461136	0.747760534286499
445	0.02685169130563736	0.11130335181951523	0.7460690140724182
446	0.025781499221920967	0.11224661767482758	0.7493126392364502
447	0.025596965104341507	0.11369027197360992	0.7508784532546997
448	0.02623998373746872	0.11165055632591248	0.7487003207206726
449	0.025678807869553566	0.11065120249986649	0.7472271919250488
450	0.026043670251965523	0.11256787925958633	0.7458474040031433
451	0.02525031939148903	0.11304556578397751	0.7455565929412842
452	0.02538280189037323	0.11375947296619415	0.7452028393745422
453	0.024498045444488525	0.11392595618963242	0.745291531085968
454	0.026879042387008667	0.11298416554927826	0.7471043467521667
455	0.025509167462587357	0.11114290356636047	0.7463668584823608
456	0.025135144591331482	0.11287209391593933	0.746126115322113
457	0.024850983172655106	0.11335355043411255	0.7464594841003418
458	0.024686625227332115	0.11258775740861893	0.7459894418716431
459	0.024748170748353004	0.11422096192836761	0.7455260753631592
460	0.025892119854688644	0.11588697135448456	0.745211124420166
461	0.025854837149381638	0.1121048852801323	0.7452816963195801
462	0.023991631343960762	0.11212709546089172	0.744195818901062
463	0.024730976670980453	0.11370977014303207	0.7443197965621948
464	0.02635296992957592	0.11164527386426926	0.7452434301376343
465	0.02504352480173111	0.1121051087975502	0.747227668762207
466	0.024522151798009872	0.11343337595462799	0.7483767867088318
467	0.026233738288283348	0.11318065226078033	0.7476483583450317
468	0.025157200172543526	0.11188346147537231	0.7443135380744934
469	0.02450874075293541	0.11311101168394089	0.7438610196113586
470	0.02532733790576458	0.11191180348396301	0.7440522313117981
471	0.024421999230980873	0.11240910738706589	0.7451022267341614
472	0.02478511817753315	0.11302065849304199	0.7472836375236511
473	0.024662921205163002	0.11277973651885986	0.7493239641189575
474	0.0247745830565691	0.1113862544298172	0.7496242523193359
475	0.023441780358552933	0.11063293367624283	0.7488884925842285
476	0.025502612814307213	0.11083151400089264	0.749090850353241
477	0.024988308548927307	0.11192961037158966	0.7486916780471802
478	0.024398362264037132	0.1137940064072609	0.7452554106712341
479	0.02450508065521717	0.11411324888467789	0.7411240935325623
480	0.024738186970353127	0.11220438778400421	0.7411929368972778
481	0.024729488417506218	0.11327052861452103	0.7426893711090088
482	0.02610648050904274	0.11159958690404892	0.7450498938560486
483	0.02537817694246769	0.11168886721134186	0.745753824710846
484	0.025187332183122635	0.11257286369800568	0.7441759705543518
485	0.0257952269166708	0.11270272731781006	0.7393593788146973
486	0.025895550847053528	0.1136692464351654	0.7417059540748596
487	0.024580489844083786	0.11594726890325546	0.7444213032722473
488	0.02608730085194111	0.1121911033987999	0.7457424998283386
489	0.0247532669454813	0.10973653197288513	0.7482494711875916
490	0.025688771158456802	0.11150465905666351	0.7509040832519531
491	0.02594911865890026	0.11175528168678284	0.7516090869903564
492	0.02506181038916111	0.11145418137311935	0.7475014328956604
493	0.02520342543721199	0.11326960474252701	0.7430469393730164
494	0.0264397244900465	0.11382269114255905	0.7432464957237244
495	0.0250417347997427	0.11155442148447037	0.7456170320510864
496	0.024741603061556816	0.11020950973033905	0.7471038699150085
497	0.02565724216401577	0.11158782988786697	0.7467920184135437
498	0.02529004216194153	0.1149204671382904	0.7453429102897644
499	0.024127420037984848	0.11676598340272903	0.7429032325744629
500	0.02638336643576622	0.11324986815452576	0.7424716353416443
501	0.02428605407476425	0.11262466013431549	0.7422294616699219
502	0.02454914152622223	0.11272739619016647	0.7464635968208313
503	0.024595675989985466	0.11235644668340683	0.7508553266525269
504	0.024576636031270027	0.10859611630439758	0.7519489526748657
505	0.025765782222151756	0.11061698198318481	0.7527519464492798
506	0.025607755407691002	0.11222834885120392	0.7546893358230591
507	0.024288427084684372	0.10999270528554916	0.7552489638328552
508	0.02501099929213524	0.1088147982954979	0.7541570663452148
509	0.025006400421261787	0.11139721423387527	0.7514312267303467
510	0.02386331744492054	0.11420436948537827	0.7492414712905884
511	0.025859029963612556	0.11130636185407639	0.7497579455375671
512	0.02463695965707302	0.10974753648042679	0.7520521283149719
513	0.026149515062570572	0.11154741048812866	0.7541739344596863
514	0.02492692321538925	0.11196564882993698	0.7528492212295532
515	0.024465980008244514	0.11018521338701248	0.7496654987335205
516	0.025078890845179558	0.11043969541788101	0.745851457118988
517	0.02400936745107174	0.1143631637096405	0.7446614503860474
518	0.02604137547314167	0.11367906630039215	0.7455085515975952
519	0.02555849403142929	0.10999933630228043	0.7458902597427368
520	0.02481541596353054	0.11034630984067917	0.7486621737480164
521	0.023359574377536774	0.11350005120038986	0.749956488609314
522	0.02496415376663208	0.1140076071023941	0.7481067776679993
523	0.025085747241973877	0.11031358689069748	0.7439869046211243
524	0.026031069457530975	0.11156143993139267	0.7441940307617188
525	0.024805236607789993	0.11568120867013931	0.7458449602127075
526	0.026067044585943222	0.11335545778274536	0.7493141889572144
527	0.02543390356004238	0.10954515635967255	0.7492631673812866
528	0.026098251342773438	0.10974810272455215	0.7490699887275696
529	0.024812694638967514	0.11382009088993073	0.748930037021637
530	0.025708544999361038	0.1131259948015213	0.7468865513801575
531	0.024492651224136353	0.11012342572212219	0.7445550560951233
532	0.025894073769450188	0.11268105357885361	0.7441853284835815
533	0.024058980867266655	0.11524128168821335	0.7457312345504761
534	0.02445065975189209	0.11433997750282288	0.7475605010986328
535	0.025624213740229607	0.11244738101959229	0.7472149133682251
536	0.02328178659081459	0.11152839660644531	0.7465814352035522
537	0.02402336150407791	0.11235301941633224	0.7462484836578369
538	0.024998972192406654	0.11340610682964325	0.7465037107467651
539	0.023887090384960175	0.11257388442754745	0.7475170493125916
540	0.02501385100185871	0.11163900047540665	0.7515793442726135
541	0.024019677191972733	0.11124616116285324	0.7541052103042603
542	0.02409682236611843	0.10908512771129608	0.7542016506195068
543	0.023433038964867592	0.1100044772028923	0.7530348300933838
544	0.023815827444195747	0.11163739860057831	0.7530762553215027
545	0.02486153319478035	0.11068654805421829	0.7525849342346191
546	0.024668779224157333	0.11082074791193008	0.7523072957992554
547	0.024345535784959793	0.11315322667360306	0.7542766332626343
548	0.024466706439852715	0.11087489873170853	0.7552384734153748
549	0.024028215557336807	0.11060434579849243	0.7566759586334229
550	0.02405085600912571	0.1110149398446083	0.7563983201980591
551	0.024053748697042465	0.11160136014223099	0.7562246918678284
552	0.02346383035182953	0.11071605235338211	0.7541159987449646
553	0.023496462032198906	0.11382167786359787	0.7518141865730286
554	0.024487284943461418	0.1141701266169548	0.7511022090911865
555	0.024067344143986702	0.11389552056789398	0.7511530518531799
556	0.02416478842496872	0.11110869795084	0.7495647072792053
557	0.023790182545781136	0.11153563857078552	0.7497261762619019
558	0.02442309632897377	0.11411476135253906	0.7506412267684937
559	0.025323577225208282	0.11268708109855652	0.7519977688789368
560	0.02426512911915779	0.109836645424366	0.7510848045349121
561	0.024449646472930908	0.11155229806900024	0.752692699432373
562	0.02371024712920189	0.11340755224227905	0.7528507113456726
563	0.024836650118231773	0.1108945682644844	0.7527977228164673
564	0.023786300793290138	0.10909830778837204	0.7509183287620544
565	0.025217683985829353	0.11184410005807877	0.751168429851532
566	0.023686764761805534	0.11431457847356796	0.7513549327850342
567	0.02415837161242962	0.11223229765892029	0.750205934047699
568	0.023824352771043777	0.11190279573202133	0.7487582564353943
569	0.02413407899439335	0.1130303144454956	0.7486095428466797
570	0.023657482117414474	0.11468902230262756	0.7505931258201599
571	0.023360053077340126	0.11260108649730682	0.7499687075614929
572	0.023213639855384827	0.11066390573978424	0.7495449185371399
573	0.023514777421951294	0.11276576668024063	0.752478837966919
574	0.023403078317642212	0.11354058235883713	0.7524114847183228
575	0.023725679144263268	0.11170516163110733	0.751579225063324
576	0.023887407034635544	0.10956365615129471	0.7522531747817993
577	0.023759527131915092	0.11106859147548676	0.7536717653274536
578	0.023228589445352554	0.11327957361936569	0.7547868490219116
579	0.02421816810965538	0.11129698902368546	0.7532028555870056
580	0.023761853575706482	0.11024919897317886	0.7507254481315613
581	0.024331681430339813	0.11267299950122833	0.7518348097801208
582	0.022781509906053543	0.1140993982553482	0.7510354518890381
583	0.02342931367456913	0.11285287886857986	0.7489814758300781
584	0.022403696551918983	0.11243252456188202	0.7478222846984863
585	0.02353845350444317	0.11317331343889236	0.7502447962760925
586	0.023232771083712578	0.11299476772546768	0.7512691617012024
587	0.022704798728227615	0.11083895713090897	0.7505940794944763
588	0.02333492785692215	0.11040634661912918	0.74993896484375
589	0.023910610005259514	0.1132185161113739	0.7517238855361938
590	0.022817853838205338	0.11523431539535522	0.7533470392227173
591	0.024073464795947075	0.11183007806539536	0.7532914280891418
592	0.021967735141515732	0.11051718890666962	0.748777449131012
593	0.02412797324359417	0.11166981607675552	0.7494581341743469
594	0.024152252823114395	0.11209174245595932	0.7541510462760925
595	0.023000843822956085	0.11156041920185089	0.7565215229988098
596	0.02325180545449257	0.10996798425912857	0.7566946148872375
597	0.02280632220208645	0.10940223932266235	0.7536182403564453
598	0.023602385073900223	0.11115476489067078	0.7526217103004456
599	0.023857779800891876	0.11233824491500854	0.7511196732521057
600	0.02263578772544861	0.11353685706853867	0.7507089972496033
601	0.024472523480653763	0.11252250522375107	0.7518712282180786
602	0.022409969940781593	0.11169477552175522	0.7538211941719055
603	0.022212855517864227	0.11291556805372238	0.7565823197364807
604	0.023931579664349556	0.1112150251865387	0.7573611736297607
605	0.02329326793551445	0.11014150828123093	0.755340039730072
606	0.023572683334350586	0.11293137818574905	0.7540326118469238
607	0.02276409976184368	0.11420934647321701	0.7517461180686951
608	0.024216050282120705	0.11109957098960876	0.7508726716041565
609	0.02384069375693798	0.10986427217721939	0.7510976791381836
610	0.02295042760670185	0.11085487902164459	0.753071129322052
611	0.023484425619244576	0.1113174632191658	0.7522060871124268
612	0.022665051743388176	0.11285704374313354	0.75096595287323
613	0.02331968955695629	0.112400583922863	0.7504649758338928
614	0.022851180285215378	0.11235959827899933	0.7524542808532715
615	0.023084072396159172	0.10951025038957596	0.7534583210945129
616	0.023045280948281288	0.10968565195798874	0.7530725002288818
617	0.022756297141313553	0.11222226172685623	0.7541953921318054
618	0.023579465225338936	0.11245248466730118	0.7547897696495056
619	0.02220645546913147	0.11194797605276108	0.7548182606697083
620	0.02249685488641262	0.11112698167562485	0.7545900344848633
621	0.022101735696196556	0.11085598170757294	0.7551497220993042
622	0.023566212505102158	0.11229349672794342	0.7553455233573914
623	0.022349856793880463	0.11181477457284927	0.7528867125511169
624	0.021750977262854576	0.11064315587282181	0.7500193119049072
625	0.022718312218785286	0.11057724803686142	0.7499194741249084
626	0.023333705961704254	0.11075974255800247	0.7522463798522949
627	0.02353992871940136	0.11078385263681412	0.753653347492218
628	0.023647384718060493	0.11164955049753189	0.7531130313873291
629	0.023348670452833176	0.11227088421583176	0.7506541013717651
630	0.023646006360650063	0.112734355032444	0.7484105825424194
631	0.024027444422245026	0.11148745566606522	0.7485253214836121
632	0.022830253466963768	0.1110517680644989	0.7515527606010437
633	0.023290688171982765	0.11058130115270615	0.7541529536247253
634	0.02229606918990612	0.11055146902799606	0.7561237215995789
635	0.022459357976913452	0.10915816575288773	0.7552155256271362
636	0.02286500483751297	0.11199114471673965	0.7546687126159668
637	0.022438080981373787	0.1134633794426918	0.7508789896965027
638	0.02224416472017765	0.11189012974500656	0.7477965354919434
639	0.023092059418559074	0.11096065491437912	0.747087836265564
640	0.023118451237678528	0.11255563795566559	0.7486454248428345
641	0.023236896842718124	0.1136089488863945	0.7523414492607117
642	0.022549577057361603	0.11036192625761032	0.7524709105491638
643	0.024022309109568596	0.11061746627092361	0.7521787881851196
644	0.023651128634810448	0.1123099997639656	0.7545374035835266
645	0.022838899865746498	0.11348230391740799	0.7528054714202881
646	0.022406481206417084	0.11351568251848221	0.7477397322654724
647	0.022857805714011192	0.11366089433431625	0.7462998628616333
648	0.024537218734622	0.11158892512321472	0.7485191822052002
649	0.022476069629192352	0.11109478771686554	0.7512149214744568
650	0.022841770201921463	0.1125352531671524	0.7538450956344604
651	0.023022199049592018	0.11379030346870422	0.7555257678031921
652	0.023772424086928368	0.11065749824047089	0.7537886500358582
653	0.023232540115714073	0.10974399000406265	0.7522233128547668
654	0.023636020720005035	0.11171466112136841	0.7533004879951477
655	0.02321702614426613	0.11313921213150024	0.753033459186554
656	0.02364696003496647	0.11076187342405319	0.7523067593574524
657	0.022330602630972862	0.11019780486822128	0.7524413466453552
658	0.023839447647333145	0.11163905262947083	0.7550931572914124
659	0.02304891310632229	0.1099444255232811	0.7553072571754456
660	0.023336883634328842	0.11098494380712509	0.7544950246810913
661	0.023029835894703865	0.11312054842710495	0.7528684139251709
662	0.024097364395856857	0.11250783503055573	0.751113772392273
663	0.0228663831949234	0.11130563914775848	0.7513824701309204
664	0.022576484829187393	0.11052302271127701	0.7520379424095154
665	0.02241850458085537	0.11094313859939575	0.7530462741851807
666	0.022442227229475975	0.11187232285737991	0.7524942755699158
667	0.02218930795788765	0.11117517948150635	0.7512108087539673
668	0.02334613911807537	0.11247272789478302	0.7504711151123047
669	0.023596594110131264	0.11260580271482468	0.7499597668647766
670	0.02258969098329544	0.11247796565294266	0.7484905123710632
671	0.02210693061351776	0.11175592243671417	0.7481285333633423
672	0.021963194012641907	0.11244811862707138	0.7501517534255981
673	0.021901261061429977	0.11133062839508057	0.7500638365745544
674	0.022894231602549553	0.11094190925359726	0.7485960125923157
675	0.023379981517791748	0.1120150089263916	0.746559739112854
676	0.022377995774149895	0.11382193863391876	0.7453969120979309
677	0.02365514636039734	0.1115514263510704	0.7460103034973145
678	0.02287927083671093	0.11130854487419128	0.7469998002052307
679	0.022462649270892143	0.11367232352495193	0.749217689037323
680	0.022563280537724495	0.1133977398276329	0.7491824626922607
681	0.022630861029028893	0.11079105734825134	0.7463746070861816
682	0.023107212036848068	0.11024025082588196	0.7448391318321228
683	0.02341977134346962	0.11337441205978394	0.7472131848335266
684	0.021757643669843674	0.11504445225000381	0.749068558216095
685	0.023543749004602432	0.11259731650352478	0.7483596205711365
686	0.021988635882735252	0.11030774563550949	0.7476083040237427
687	0.023304643109440804	0.11114107817411423	0.7479584217071533
688	0.021739816293120384	0.11377208679914474	0.7450495362281799
689	0.022727951407432556	0.11492936313152313	0.7427160739898682
690	0.023211797699332237	0.11264798790216446	0.742949903011322
691	0.023501550778746605	0.11276993155479431	0.7466337084770203
692	0.02244078554213047	0.11436799168586731	0.7514052391052246
693	0.023032357916235924	0.11102926731109619	0.7530593276023865
694	0.021551085636019707	0.10903405398130417	0.7497169375419617
695	0.022664569318294525	0.11145482212305069	0.7506793141365051
696	0.021888842806220055	0.11395960301160812	0.7520605325698853
697	0.02333894558250904	0.11197814345359802	0.7544191479682922
698	0.02185421995818615	0.11036515235900879	0.7528900504112244
699	0.02316468581557274	0.11143775284290314	0.7529551386833191
700	0.023300936445593834	0.11276540160179138	0.7530397772789001
701	0.024091467261314392	0.11225149780511856	0.7505863904953003
702	0.021939383819699287	0.11122917383909225	0.7468769550323486
703	0.022849837318062782	0.11084513366222382	0.7472538352012634
704	0.022434137761592865	0.11181776225566864	0.7499507069587708
705	0.02209242805838585	0.11092319339513779	0.7520514130592346
706	0.022512368857860565	0.11009816080331802	0.7517192363739014
707	0.022427083924412727	0.11094525456428528	0.7503992915153503
708	0.02231794409453869	0.11158400774002075	0.7483342289924622
709	0.022773409262299538	0.11162709444761276	0.7476796507835388
710	0.021977782249450684	0.11128194630146027	0.7494890093803406
711	0.02186737395823002	0.11251011490821838	0.7497294545173645
712	0.0211749579757452	0.11286883801221848	0.749843418598175
713	0.022001076489686966	0.11199290305376053	0.7493204474449158
714	0.021598435938358307	0.11363230645656586	0.749795138835907
715	0.02263711951673031	0.11390288919210434	0.7504072785377502
716	0.02166161686182022	0.11330629885196686	0.7516018152236938
717	0.022292528301477432	0.11114196479320526	0.7523669600486755
718	0.022361449897289276	0.11088956147432327	0.7530814409255981
719	0.022375494241714478	0.11246438324451447	0.7527062296867371
720	0.022406404837965965	0.11185547709465027	0.7506282925605774
721	0.021379511803388596	0.11044449359178543	0.7482619881629944
722	0.02297491766512394	0.11283408850431442	0.7491129636764526
723	0.022523274645209312	0.11474605649709702	0.7490406632423401
724	0.022847123444080353	0.11216984689235687	0.7468288540840149
725	0.022745406255126	0.11181703209877014	0.7441781163215637
726	0.022588230669498444	0.11285892128944397	0.7452901601791382
727	0.02306031808257103	0.11434532701969147	0.7472555637359619
728	0.022977303713560104	0.11266510933637619	0.7485828995704651
729	0.022154739126563072	0.1107705608010292	0.7499028444290161
730	0.021628323942422867	0.11095240712165833	0.7503690719604492
731	0.021614741533994675	0.11202330887317657	0.7507809996604919
732	0.02221059240400791	0.11232399195432663	0.7508600950241089
733	0.02217007242143154	0.11088530719280243	0.7494490146636963
734	0.021125350147485733	0.11046009510755539	0.7482012510299683
735	0.02258477360010147	0.11257344484329224	0.7482612729072571
736	0.022090092301368713	0.11208091676235199	0.746786892414093
737	0.0219210684299469	0.11271559447050095	0.7464994788169861
738	0.022252866998314857	0.11329023540019989	0.7478335499763489
739	0.021745245903730392	0.11293820291757584	0.7496811151504517
740	0.022636955603957176	0.11117661744356155	0.7498090267181396
741	0.021867966279387474	0.11052849888801575	0.7486433982849121
742	0.02162376046180725	0.11302190274000168	0.7472302913665771
743	0.021985836327075958	0.11342862993478775	0.7460304498672485
744	0.0233109500259161	0.11191685497760773	0.7460680603981018
745	0.021972831338644028	0.1112121045589447	0.7477065324783325
746	0.022567061707377434	0.11301369220018387	0.7489540576934814
747	0.02207818254828453	0.11288295686244965	0.7487013339996338
748	0.021584108471870422	0.11210998147726059	0.7479296922683716
749	0.022073961794376373	0.11298317462205887	0.7472234964370728
750	0.02263588458299637	0.1136428490281105	0.7484803199768066
751	0.02236119471490383	0.1124182790517807	0.7511581778526306
752	0.021995926275849342	0.10960020869970322	0.7514511942863464
753	0.02185734733939171	0.10923841595649719	0.7503610253334045
754	0.02288886345922947	0.11238526552915573	0.7526857852935791
755	0.021541839465498924	0.11469747126102448	0.7528544664382935
756	0.02267320081591606	0.11226573586463928	0.7494844794273376
757	0.02194046601653099	0.1108575239777565	0.7486172318458557
758	0.021834786981344223	0.11129841953516006	0.7502927184104919
759	0.02150738053023815	0.11307864636182785	0.7507197856903076
760	0.021215343847870827	0.11247149854898453	0.7495346069335938
761	0.022013194859027863	0.11015964299440384	0.7468762397766113
762	0.023097841069102287	0.10993889719247818	0.7490817904472351
763	0.02272273413836956	0.11229540407657623	0.7541072368621826
764	0.022467050701379776	0.1122378259897232	0.7555287480354309
765	0.02274210751056671	0.11008422076702118	0.752729594707489
766	0.021886000409722328	0.11112980544567108	0.7496487498283386
767	0.021958542987704277	0.11331899464130402	0.7497705817222595
768	0.023595476523041725	0.11362915486097336	0.7528944611549377
769	0.022647308185696602	0.1103961244225502	0.7527580261230469
770	0.022515224292874336	0.109641894698143	0.7511705756187439
771	0.022653978317975998	0.11148280650377274	0.7506721019744873
772	0.02314126491546631	0.11279349774122238	0.7523836493492126
773	0.02231350913643837	0.11159971356391907	0.7536523938179016
774	0.021843593567609787	0.1103857159614563	0.7528112530708313
775	0.022348083555698395	0.11051659286022186	0.7528603672981262
776	0.021568547934293747	0.1112227663397789	0.7537468075752258
777	0.02282784879207611	0.11131464689970016	0.7540097832679749
778	0.02288907952606678	0.11010964959859848	0.7553927302360535
779	0.021888919174671173	0.11129991710186005	0.7553237080574036
780	0.021794140338897705	0.11120821535587311	0.751997709274292
781	0.02220121957361698	0.11017996817827225	0.7478862404823303
782	0.022819582372903824	0.11140207946300507	0.7490407228469849
783	0.02203463390469551	0.11367680877447128	0.7500216364860535
784	0.021779319271445274	0.1133652776479721	0.7459264397621155
785	0.022642258554697037	0.11208691447973251	0.7435275316238403
786	0.022152578458189964	0.11231999844312668	0.7461665272712708
787	0.02285919524729252	0.11347463726997375	0.7477928400039673
788	0.022747809067368507	0.11207374930381775	0.7468462586402893
789	0.02211415208876133	0.11073663830757141	0.7447158694267273
790	0.022808097302913666	0.11148232221603394	0.7439901232719421
791	0.02206248603761196	0.11250527948141098	0.7474469542503357
792	0.02277396433055401	0.11112367361783981	0.7535824775695801
793	0.021509936079382896	0.10916832089424133	0.7546188831329346
794	0.021805759519338608	0.10990320891141891	0.7520362138748169
795	0.022424597293138504	0.11110386997461319	0.7505004405975342
796	0.023202022537589073	0.11141995340585709	0.7505707144737244
797	0.0216672383248806	0.11154957115650177	0.7522128820419312
798	0.021199263632297516	0.11165125668048859	0.7531196475028992
799	0.02240818552672863	0.11110064387321472	0.7534527778625488
800	0.022001998499035835	0.11021658778190613	0.7520295977592468
801	0.02207363210618496	0.11159001290798187	0.752828061580658
802	0.022544672712683678	0.11102311313152313	0.7504096031188965
803	0.022943196818232536	0.11153165996074677	0.7475414872169495
804	0.021401451900601387	0.11160540580749512	0.746306300163269
805	0.022449631243944168	0.11216983944177628	0.7474334239959717
806	0.021839365363121033	0.11175134778022766	0.7485598921775818
807	0.022435937076807022	0.11255954205989838	0.7491978406906128
808	0.02142995409667492	0.11198944598436356	0.748855710029602
809	0.02106386609375477	0.11130055785179138	0.7465255856513977
810	0.022216318175196648	0.11147556453943253	0.7477123737335205
811	0.021385755389928818	0.11231149733066559	0.7482197284698486
812	0.022451292723417282	0.11151934415102005	0.7478695511817932
813	0.02119600959122181	0.1113985925912857	0.7502757906913757
814	0.02123277820646763	0.11182480305433273	0.749197781085968
815	0.02217520773410797	0.11139947921037674	0.7488822340965271
816	0.022680537775158882	0.1110442504286766	0.7486170530319214
817	0.021334601566195488	0.11230230331420898	0.7494397163391113
818	0.021465107798576355	0.1125519797205925	0.7490206360816956
819	0.021487299352884293	0.11125767976045609	0.7464503049850464
820	0.02168901264667511	0.11149802803993225	0.745535671710968
821	0.02210497111082077	0.11353936791419983	0.7491968870162964
822	0.02164212428033352	0.11452843248844147	0.7497093677520752
823	0.02292267046868801	0.11162400245666504	0.7469478249549866
824	0.021596282720565796	0.1112499088048935	0.7449017763137817
825	0.022414514794945717	0.11215487867593765	0.747665286064148
826	0.021454468369483948	0.11283828318119049	0.7499140501022339
827	0.021756568923592567	0.11136636883020401	0.7487764954566956
828	0.021538039669394493	0.11055494844913483	0.7474694848060608
829	0.02232694812119007	0.1107264831662178	0.7472184896469116
830	0.02238255925476551	0.11135834455490112	0.751099705696106
831	0.022266192361712456	0.11026763916015625	0.7540313601493835
832	0.022423263639211655	0.10980222374200821	0.7528280019760132
833	0.021671094000339508	0.11068427562713623	0.749626874923706
834	0.021552296355366707	0.11215454339981079	0.7486181259155273
835	0.020914826542139053	0.11274271458387375	0.7484313249588013
836	0.02173198014497757	0.11318735778331757	0.7509804368019104
837	0.021613987162709236	0.11133690178394318	0.7510683536529541
838	0.02201198972761631	0.10902637243270874	0.7498195767402649
839	0.023327121511101723	0.11049079895019531	0.751704752445221
840	0.021151376888155937	0.11375404894351959	0.7545263767242432
841	0.02337370067834854	0.11231399327516556	0.7556858062744141
842	0.022059878334403038	0.10898501425981522	0.7541245222091675
843	0.02204803377389908	0.10892993211746216	0.7550793886184692
844	0.02269132062792778	0.11135418713092804	0.7576865553855896
845	0.022843070328235626	0.11187896877527237	0.7598147988319397
846	0.022161003202199936	0.11022533476352692	0.7567705512046814
847	0.021445060148835182	0.1114250123500824	0.7517173886299133
848	0.02229185216128826	0.11229065805673599	0.7532551288604736
849	0.021781636402010918	0.11219152063131332	0.7546862363815308
850	0.02143193781375885	0.11219939589500427	0.7534466981887817
851	0.022490015253424644	0.11178508400917053	0.7533010840415955
852	0.021258560940623283	0.11074002087116241	0.752278208732605
853	0.020579690113663673	0.11032234132289886	0.7513551712036133
854	0.021116450428962708	0.11056233942508698	0.7510995864868164
855	0.021403193473815918	0.11260223388671875	0.750176727771759
856	0.020740197971463203	0.11269539594650269	0.7479947805404663
857	0.021175475791096687	0.11200685054063797	0.7429879903793335
858	0.02253757417201996	0.1124495416879654	0.7418156862258911
859	0.02176160179078579	0.11313167959451675	0.7440261840820312
860	0.021002260968089104	0.11420617997646332	0.7447062730789185
861	0.02064363844692707	0.11377562582492828	0.7453608512878418
862	0.021209927275776863	0.11159796267747879	0.7449532747268677
863	0.020986007526516914	0.11177989840507507	0.7455596327781677
864	0.021478956565260887	0.11342847347259521	0.747856855392456
865	0.021790286526083946	0.11311732232570648	0.7509618401527405
866	0.021315323188900948	0.11130126565694809	0.7518196105957031
867	0.02233782596886158	0.10987956076860428	0.7531735301017761
868	0.021126125007867813	0.11136843264102936	0.7541983723640442
869	0.020393947139382362	0.11250560730695724	0.752056896686554
870	0.021137699484825134	0.11086641997098923	0.7478949427604675
871	0.020836690440773964	0.11091995239257812	0.7445704340934753
872	0.02182195335626602	0.1138685792684555	0.7453493475914001
873	0.021909361705183983	0.11319766938686371	0.7474584579467773
874	0.02188032679259777	0.11058111488819122	0.7488192915916443
875	0.021163595840334892	0.11001180857419968	0.7500203847885132
876	0.021978629752993584	0.11056429147720337	0.7487403750419617
877	0.02076888456940651	0.11240393668413162	0.746509313583374
878	0.02182113379240036	0.11184202879667282	0.7474175691604614
879	0.0210584569722414	0.1117684468626976	0.748470664024353
880	0.020648645237088203	0.11194200068712234	0.749681830406189
881	0.02148338593542576	0.11093354225158691	0.7492747902870178
882	0.0208762064576149	0.11063025146722794	0.7492403984069824
883	0.021815922111272812	0.11170011013746262	0.7509881258010864
884	0.021305032074451447	0.11258551478385925	0.750662624835968
885	0.02104097232222557	0.11182112246751785	0.7508484721183777
886	0.021497132256627083	0.11089492589235306	0.7504485249519348
887	0.019875692203640938	0.1104823425412178	0.751211404800415
888	0.021800287067890167	0.11143685132265091	0.7516476511955261
889	0.021165987476706505	0.11344068497419357	0.7500234246253967
890	0.021601274609565735	0.11313188076019287	0.745943546295166
891	0.020486067980527878	0.11232103407382965	0.745110034942627
892	0.021078696474432945	0.11312172561883926	0.7465620040893555
893	0.02088954858481884	0.11501337587833405	0.7488541007041931
894	0.02209431864321232	0.11354609578847885	0.7472752332687378
895	0.02149011753499508	0.1130068302154541	0.7466877698898315
896	0.02146202325820923	0.11366785317659378	0.7479164600372314
897	0.021240344271063805	0.11318346858024597	0.7479109168052673
898	0.020634179934859276	0.11294557899236679	0.7463339567184448
899	0.021230502054095268	0.11235478520393372	0.7451192140579224
900	0.021483009681105614	0.11174951493740082	0.7465930581092834
901	0.021001258864998817	0.11158934980630875	0.7488229274749756
902	0.0213202852755785	0.11287180334329605	0.7498824596405029
903	0.02056594006717205	0.11200185865163803	0.7480049133300781
904	0.020493490621447563	0.11116848886013031	0.7448015809059143
905	0.021730920299887657	0.11104094237089157	0.7448865175247192
906	0.021303782239556313	0.11324797570705414	0.7469213008880615
907	0.020726291462779045	0.11370236426591873	0.7462878227233887
908	0.02207299880683422	0.11175794899463654	0.7434452772140503
909	0.020515035837888718	0.11144406348466873	0.7428061962127686
910	0.020542213693261147	0.11368083953857422	0.7466351985931396
911	0.021237008273601532	0.11468885838985443	0.7479381561279297
912	0.021360227838158607	0.1119728609919548	0.7446755766868591
913	0.0213073268532753	0.11111121624708176	0.7438178658485413
914	0.020098311826586723	0.11218386143445969	0.7469573020935059
915	0.02091343142092228	0.11339797079563141	0.7497935891151428
916	0.02109166793525219	0.11148335784673691	0.7494751214981079
917	0.02048303745687008	0.11183033138513565	0.7481899261474609
918	0.019896702840924263	0.11209989339113235	0.7467883825302124
919	0.02072238363325596	0.11220317333936691	0.745392918586731
920	0.020258773118257523	0.11296246945858002	0.7471054196357727
921	0.021367397159337997	0.11305033415555954	0.7501844763755798
922	0.020526902750134468	0.11149200797080994	0.7519725561141968
923	0.020325491204857826	0.11035052686929703	0.7510943412780762
924	0.020148364827036858	0.11117661744356155	0.7525603175163269
925	0.020783452317118645	0.11199616640806198	0.7526867985725403
926	0.02104681357741356	0.1102602630853653	0.75165194272995
927	0.02070862613618374	0.11089344322681427	0.7512546181678772
928	0.02106931060552597	0.11308875679969788	0.7509906888008118
929	0.021579941734671593	0.11262338608503342	0.7512134313583374
930	0.021518569439649582	0.11136814206838608	0.7502602338790894
931	0.021745089441537857	0.11176718771457672	0.7496187686920166
932	0.020791610702872276	0.11275503784418106	0.7480714321136475
933	0.02044401876628399	0.11317269504070282	0.7480906844139099
934	0.020696226507425308	0.11241092532873154	0.750451385974884
935	0.020772963762283325	0.11173500865697861	0.7515692710876465
936	0.020559735596179962	0.11116258800029755	0.7501319646835327
937	0.020609401166439056	0.11189891397953033	0.7483150362968445
938	0.0206163190305233	0.1121007427573204	0.7471248507499695
939	0.02079164981842041	0.11319849640130997	0.7459498643875122
940	0.02132244035601616	0.11163479834794998	0.747069776058197
941	0.020567677915096283	0.11085648089647293	0.7470512986183167
942	0.02080935426056385	0.11155599355697632	0.7469260096549988
943	0.02174379676580429	0.11179834604263306	0.7482250928878784
944	0.020648136734962463	0.11084897071123123	0.7495430707931519
945	0.021784117445349693	0.11065780371427536	0.7522554397583008
946	0.02083064801990986	0.11139261722564697	0.7538636326789856
947	0.020665079355239868	0.11017613112926483	0.7521762847900391
948	0.020425502210855484	0.11064522713422775	0.7489330172538757
949	0.021120429039001465	0.11279202997684479	0.7466370463371277
950	0.021100034937262535	0.11300545185804367	0.7478800415992737
951	0.02042815461754799	0.11110664159059525	0.7500892877578735
952	0.020203476771712303	0.11011439561843872	0.7498912215232849
953	0.020585501566529274	0.11171218007802963	0.7488877773284912
954	0.02140006609261036	0.11221815645694733	0.7470576167106628
955	0.02024666592478752	0.11315443366765976	0.7450850009918213
956	0.02015724591910839	0.11390495300292969	0.7431259155273438
957	0.021388957276940346	0.11124737560749054	0.7475413084030151
958	0.020099911838769913	0.10903551429510117	0.7513641715049744
959	0.02032593823969364	0.11050422489643097	0.7528586983680725
960	0.020571397617459297	0.11080879718065262	0.7524622678756714
961	0.021552005782723427	0.10943049937486649	0.7502835392951965
962	0.02032817341387272	0.1106334924697876	0.749715268611908
963	0.02061552181839943	0.11142463982105255	0.749941349029541
964	0.021172519773244858	0.1102629154920578	0.7500321865081787
965	0.020317429676651955	0.10855953395366669	0.7511528134346008
966	0.02095683477818966	0.10952943563461304	0.7539629340171814
967	0.020387878641486168	0.10989958792924881	0.754991888999939
968	0.020986022427678108	0.10929503291845322	0.752985954284668
969	0.021691063418984413	0.11060034483671188	0.7508554458618164
970	0.021310050040483475	0.11163048446178436	0.7484267354011536
971	0.020094556733965874	0.11280807107686996	0.7481255531311035
972	0.020365338772535324	0.11174459755420685	0.749504804611206
973	0.020274436101317406	0.11095194518566132	0.753185510635376
974	0.019933562725782394	0.11228878796100616	0.7557073831558228
975	0.021468089893460274	0.11140948534011841	0.7533215880393982
976	0.01979922689497471	0.11139364540576935	0.7484767436981201
977	0.02002714015543461	0.11184059083461761	0.7470616698265076
978	0.020900271832942963	0.11274320632219315	0.7483693957328796
979	0.01999305561184883	0.1133628785610199	0.7507707476615906
980	0.020840274170041084	0.11238522082567215	0.7501969337463379
981	0.021045982837677002	0.11176897585391998	0.7472330331802368
982	0.021542154252529144	0.11280234903097153	0.7459796071052551
983	0.021520351991057396	0.11278575658798218	0.7473328113555908
984	0.021253738552331924	0.11298152804374695	0.7466626763343811
985	0.020299803465604782	0.11273853480815887	0.7481823563575745
986	0.021005693823099136	0.11197185516357422	0.7516398429870605
987	0.021472077816724777	0.11120323091745377	0.75166916847229
988	0.020143944770097733	0.11201599985361099	0.7516682744026184
989	0.022018149495124817	0.11154285073280334	0.7521681189537048
990	0.020729785785079002	0.11103422194719315	0.7510785460472107
991	0.020733270794153214	0.11150477081537247	0.7499748468399048
992	0.0207305196672678	0.11260239779949188	0.7495291233062744
993	0.021550878882408142	0.11231774091720581	0.7490668296813965
994	0.020927371457219124	0.11087475717067719	0.7490707635879517
995	0.02128688618540764	0.11128265410661697	0.7521904110908508
996	0.02052070014178753	0.112803615629673	0.7542023062705994
997	0.021142268553376198	0.1129382997751236	0.7529089450836182
998	0.02079840749502182	0.11154276877641678	0.7500091195106506
999	0.019550547003746033	0.110597163438797	0.7459098696708679
1000	0.02003924734890461	0.11236892640590668	0.7461515069007874
1001	0.02049933560192585	0.11440527439117432	0.7479017972946167
1002	0.021655920892953873	0.11247819662094116	0.7490196228027344
1003	0.01919591799378395	0.10962989926338196	0.7483794093132019
1004	0.020818812772631645	0.10989706963300705	0.7492974996566772
1005	0.02033075876533985	0.11170463263988495	0.7503345608711243
1006	0.020219935104250908	0.11239837855100632	0.7485670447349548
1007	0.021074052900075912	0.11152580380439758	0.7455668449401855
1008	0.021221010014414787	0.11163242906332016	0.7456986904144287
1009	0.02081327512860298	0.11194179207086563	0.7489994764328003
1010	0.01974712312221527	0.11237721145153046	0.7513777613639832
1011	0.01941724121570587	0.11181854456663132	0.7510901689529419
1012	0.020506124943494797	0.11169029027223587	0.7492741942405701
1013	0.019787708297371864	0.11135938763618469	0.7468022108078003
1014	0.01993267610669136	0.11245473474264145	0.7462230920791626
1015	0.020779293030500412	0.11285106837749481	0.7484282851219177
1016	0.019731661304831505	0.11325860023498535	0.7489975690841675
1017	0.020325539633631706	0.11238108575344086	0.7464475631713867
1018	0.02054128237068653	0.1132146418094635	0.744806170463562
1019	0.02091757021844387	0.1153765320777893	0.7475510239601135
1020	0.0206794161349535	0.11373141407966614	0.7486687302589417
1021	0.019650805741548538	0.11153945326805115	0.7488813996315002
1022	0.020253002643585205	0.11177965998649597	0.7484250664710999
1023	0.019809085875749588	0.11220449209213257	0.7480731010437012
1024	0.020634587854146957	0.11287595331668854	0.7449113726615906
1025	0.02014128677546978	0.11415798962116241	0.7444486618041992
1026	0.01978486403822899	0.11239323765039444	0.7439548373222351
1027	0.01942392624914646	0.11205781251192093	0.7429479956626892
1028	0.020795784890651703	0.11288995295763016	0.7451269626617432
1029	0.020176665857434273	0.11237409710884094	0.746764600276947
1030	0.020222356542944908	0.11235260218381882	0.7474011182785034
1031	0.02045271173119545	0.11263684183359146	0.7467918992042542
1032	0.020463353022933006	0.11257112771272659	0.7468437552452087
1033	0.01976969838142395	0.11300604790449142	0.7470299005508423
1034	0.019596179947257042	0.11247128248214722	0.7471593022346497
1035	0.020196393132209778	0.11195875704288483	0.7475629448890686
1036	0.020177671685814857	0.11225946992635727	0.7480892539024353
1037	0.020471815019845963	0.11293299496173859	0.7474300265312195
1038	0.01923491805791855	0.11368712782859802	0.7459765076637268
1039	0.020426051691174507	0.11266638338565826	0.7434291243553162
1040	0.020577361807227135	0.11205209791660309	0.7445361018180847
1041	0.020137252286076546	0.11294255405664444	0.7476145625114441
1042	0.020369820296764374	0.11265850067138672	0.7493584752082825
1043	0.020844189450144768	0.11254798620939255	0.7487260103225708
1044	0.01959378458559513	0.11176714301109314	0.7466017603874207
1045	0.019949452951550484	0.11291351169347763	0.746293842792511
1046	0.02031593583524227	0.11442616581916809	0.7463158965110779
1047	0.020104795694351196	0.11352384090423584	0.7448720335960388
1048	0.020600296556949615	0.11243899166584015	0.7432082295417786
1049	0.021572764962911606	0.11256637424230576	0.7448564767837524
1050	0.02037055417895317	0.11329299211502075	0.7473410367965698
1051	0.020964590832591057	0.11309336870908737	0.7481205463409424
1052	0.019941730424761772	0.11275225877761841	0.7469480633735657
1053	0.019991589710116386	0.11296114325523376	0.7457385659217834
1054	0.02072020061314106	0.11437834799289703	0.7455207705497742
1055	0.019410891458392143	0.11333251744508743	0.7470538020133972
1056	0.0189826637506485	0.11241428554058075	0.7468900680541992
1057	0.019442005082964897	0.11290189623832703	0.7482231259346008
1058	0.019741667434573174	0.11374679207801819	0.7497503757476807
1059	0.020515145733952522	0.11292080581188202	0.750135600566864
1060	0.01957746595144272	0.11223405599594116	0.7502571940422058
1061	0.019315075129270554	0.11185798048973083	0.750732958316803
1062	0.019136948511004448	0.11254892498254776	0.7515078783035278
1063	0.020534511655569077	0.1134265586733818	0.7522448301315308
1064	0.02044559456408024	0.11138734966516495	0.7509755492210388
1065	0.020126614719629288	0.11115501821041107	0.7503851056098938
1066	0.01938736066222191	0.11331342160701752	0.7501249313354492
1067	0.02038072980940342	0.11338929086923599	0.7501541972160339
1068	0.02037259377539158	0.11100819706916809	0.7479142546653748
1069	0.020524995401501656	0.11158612370491028	0.7503635287284851
1070	0.020149104297161102	0.11350053548812866	0.7527534365653992
1071	0.02178165316581726	0.11296116560697556	0.7506818175315857
1072	0.02049414813518524	0.11084666848182678	0.7473569512367249
1073	0.02023797482252121	0.111136794090271	0.7485144138336182
1074	0.019232118502259254	0.11253848671913147	0.751454770565033
1075	0.021340403705835342	0.11120399832725525	0.7505138516426086
1076	0.020838232710957527	0.10929510742425919	0.7494948506355286
1077	0.020530257374048233	0.11046469956636429	0.7514284253120422
1078	0.019818929955363274	0.11222237348556519	0.7508662939071655
1079	0.020224815234541893	0.1115264967083931	0.7476627230644226
1080	0.019397443160414696	0.11159400641918182	0.7460646629333496
1081	0.019930098205804825	0.11208029836416245	0.7449744343757629
1082	0.020526571199297905	0.11331917345523834	0.7485120296478271
1083	0.019961204379796982	0.11273644119501114	0.7501676678657532
1084	0.02030176669359207	0.11053793132305145	0.7485271692276001
1085	0.020420562475919724	0.11109040677547455	0.7503933310508728
1086	0.019741082563996315	0.111380435526371	0.7536630630493164
1087	0.020062914118170738	0.1091446578502655	0.7543171644210815
1088	0.020394379273056984	0.10904839634895325	0.7533762454986572
1089	0.021461721509695053	0.11123965680599213	0.7530624866485596
1090	0.020627440884709358	0.11385470628738403	0.75162273645401
1091	0.020501617342233658	0.11176011711359024	0.7500731348991394
1092	0.02045605145394802	0.11014525592327118	0.7501536011695862
1093	0.019830234348773956	0.11063015460968018	0.7521971464157104
1094	0.019774235785007477	0.11315197497606277	0.7532721757888794
1095	0.020022308453917503	0.11195152997970581	0.7502967119216919
1096	0.018669549375772476	0.11119181662797928	0.7453538179397583
1097	0.020457278937101364	0.11328591406345367	0.7460400462150574
