epoch	train_loss	test_loss	test_metric
0	0.30788931250572205	0.38761988282203674	0.4506644010543823
1	0.26157552003860474	0.3436976373195648	0.4643557071685791
2	0.22336441278457642	0.3006320595741272	0.477410227060318
3	0.19296586513519287	0.26678231358528137	0.49019089341163635
4	0.1716148853302002	0.2428092062473297	0.49882176518440247
5	0.15612657368183136	0.2266722321510315	0.5056772828102112
6	0.14801758527755737	0.21638324856758118	0.5171964168548584
7	0.14067651331424713	0.20957204699516296	0.5318990349769592
8	0.13449382781982422	0.2039135992527008	0.5503573417663574
9	0.13241428136825562	0.19879326224327087	0.571412980556488
10	0.12729232013225555	0.18780605494976044	0.5972071290016174
11	0.1228024885058403	0.1809529960155487	0.618903398513794
12	0.12148851156234741	0.18185876309871674	0.6318680047988892
13	0.11841844022274017	0.17906612157821655	0.6440325975418091
14	0.11363469064235687	0.17113080620765686	0.6574388742446899
15	0.11101487278938293	0.16702915728092194	0.6664321422576904
16	0.11002757400274277	0.17005714774131775	0.6694464683532715
17	0.10647758096456528	0.17515185475349426	0.6696670651435852
18	0.10466247797012329	0.17877036333084106	0.6699132919311523
19	0.10423141717910767	0.1675024926662445	0.6798757314682007
20	0.10090667754411697	0.16359661519527435	0.6846699714660645
21	0.09963985532522202	0.174862802028656	0.6802998781204224
22	0.10039028525352478	0.18220025300979614	0.6773179769515991
23	0.10021725296974182	0.17085017263889313	0.6866286396980286
24	0.0959170013666153	0.15960054099559784	0.6955050826072693
25	0.09666702896356583	0.16260011494159698	0.6971243619918823
26	0.09448422491550446	0.17515330016613007	0.6926836967468262
27	0.09342120587825775	0.17539720237255096	0.6938108205795288
28	0.09289383143186569	0.16425609588623047	0.7022517323493958
29	0.0883733332157135	0.15554948151111603	0.7093818783760071
30	0.08928774297237396	0.15636703372001648	0.7118313908576965
31	0.08908235281705856	0.1656542718410492	0.7111063599586487
32	0.088536836206913	0.1678689420223236	0.7149525880813599
33	0.08681916445493698	0.15511678159236908	0.72362220287323
34	0.08703091740608215	0.1527891904115677	0.7270373106002808
35	0.08601069450378418	0.15975913405418396	0.7266660928726196
36	0.0825616642832756	0.1624140441417694	0.7274142503738403
37	0.08434949070215225	0.15736466646194458	0.7294514775276184
38	0.08334290236234665	0.1535327136516571	0.7311074137687683
39	0.080222949385643	0.15137149393558502	0.7312642931938171
40	0.08063699305057526	0.15476389229297638	0.7317757606506348
41	0.080204539000988	0.15159039199352264	0.7357761263847351
42	0.07675334066152573	0.1488310992717743	0.7403204441070557
43	0.07804317027330399	0.14973001182079315	0.7437118291854858
44	0.07539580762386322	0.1569109559059143	0.7434836626052856
45	0.07891085743904114	0.14906692504882812	0.747691810131073
46	0.07596710324287415	0.14420084655284882	0.7498675584793091
47	0.07561697065830231	0.15062400698661804	0.7489499449729919
48	0.07386213541030884	0.1613761931657791	0.7467642426490784
49	0.07753875106573105	0.14562660455703735	0.753976583480835
50	0.07107377797365189	0.13842053711414337	0.7576831579208374
51	0.07431697100400925	0.14739328622817993	0.7564998865127563
52	0.07250584661960602	0.16003762185573578	0.752190113067627
53	0.07258725166320801	0.1455429345369339	0.756061851978302
54	0.06965161859989166	0.1406281292438507	0.7555633783340454
55	0.06998751312494278	0.1456548422574997	0.7531362771987915
56	0.06859666109085083	0.14925172924995422	0.7520312070846558
57	0.06793204694986343	0.1413652002811432	0.7558921575546265
58	0.06835845857858658	0.14094142615795135	0.7581294178962708
59	0.0665062889456749	0.14342132210731506	0.7604231238365173
60	0.06657268851995468	0.14487874507904053	0.7615718841552734
61	0.06609853357076645	0.14089728891849518	0.7625104784965515
62	0.06472428888082504	0.1389055848121643	0.760999321937561
63	0.06509821861982346	0.14538277685642242	0.758571445941925
64	0.06488406658172607	0.14473432302474976	0.7589811086654663
65	0.06372355669736862	0.14128434658050537	0.7596772909164429
66	0.06339264661073685	0.14031225442886353	0.761093258857727
67	0.060411032289266586	0.14220474660396576	0.7620521187782288
68	0.06202100217342377	0.14497390389442444	0.7613115906715393
69	0.06261435151100159	0.14041277766227722	0.7632209062576294
70	0.05970682576298714	0.13773880898952484	0.7638865113258362
71	0.06193406134843826	0.13826455175876617	0.7632651925086975
72	0.058849576860666275	0.13576821982860565	0.7645886540412903
73	0.05993937328457832	0.13652051985263824	0.7649478316307068
74	0.05876623094081879	0.13904482126235962	0.7658014297485352
75	0.058802150189876556	0.1360030621290207	0.7699335217475891
76	0.05882434919476509	0.13446715474128723	0.7713613510131836
77	0.05827295035123825	0.1385798156261444	0.7688770890235901
78	0.05550745874643326	0.14005932211875916	0.7665636539459229
79	0.058679547160863876	0.13507474958896637	0.769094705581665
80	0.056742455810308456	0.13787807524204254	0.7698283195495605
81	0.05696357041597366	0.1445179134607315	0.7674647569656372
82	0.05689188838005066	0.13615697622299194	0.7684915661811829
83	0.056872282177209854	0.13362842798233032	0.7681910991668701
84	0.057422149926424026	0.13836970925331116	0.7672531008720398
85	0.05592101439833641	0.14232516288757324	0.7654216289520264
86	0.055266935378313065	0.1381119042634964	0.7636809349060059
87	0.05608225613832474	0.13627375662326813	0.7623485326766968
88	0.05472004413604736	0.14041569828987122	0.7617145776748657
89	0.05510406196117401	0.1374087929725647	0.7646583914756775
90	0.05317970737814903	0.1346704363822937	0.7675656676292419
91	0.053199537098407745	0.1361667662858963	0.7686952352523804
92	0.053727440536022186	0.13787904381752014	0.7683828473091125
93	0.05333150550723076	0.13702033460140228	0.7671435475349426
94	0.0520809032022953	0.13753294944763184	0.7637435793876648
95	0.051390308886766434	0.1381741762161255	0.7612261772155762
96	0.05343169346451759	0.13503579795360565	0.7635778188705444
97	0.051050759851932526	0.13709717988967896	0.7633433938026428
98	0.04993560537695885	0.13417795300483704	0.7656005620956421
99	0.051441363990306854	0.13400320708751678	0.7663320899009705
100	0.05123355984687805	0.1325642466545105	0.7683692574501038
101	0.05062977597117424	0.13632364571094513	0.7691758275032043
102	0.05169042572379112	0.13260860741138458	0.7715181708335876
103	0.04899151623249054	0.132557213306427	0.7712557911872864
104	0.05118899047374725	0.14015303552150726	0.7681293487548828
105	0.05095510557293892	0.13298650085926056	0.7702423334121704
106	0.04810916259884834	0.13098552823066711	0.7702144384384155
107	0.04915957897901535	0.13770270347595215	0.7660961151123047
108	0.04978523775935173	0.13949623703956604	0.7631065845489502
109	0.0489221028983593	0.13225436210632324	0.7653301954269409
110	0.04771009087562561	0.1319836974143982	0.7658305168151855
111	0.04839492589235306	0.1410592645406723	0.7611479163169861
112	0.05034448206424713	0.13137286901474	0.7673222422599792
113	0.04645198583602905	0.1305975764989853	0.7681149840354919
114	0.04822155460715294	0.1398821473121643	0.7622115015983582
115	0.04939624294638634	0.13699999451637268	0.7632860541343689
116	0.04512811824679375	0.1319037675857544	0.7667522430419922
117	0.046417851001024246	0.13382694125175476	0.7677869200706482
118	0.0456274040043354	0.1419771909713745	0.7662374973297119
119	0.048822082579135895	0.13329052925109863	0.7690545916557312
120	0.046632975339889526	0.13044875860214233	0.768528938293457
121	0.04559170454740524	0.1373767852783203	0.763016402721405
122	0.04612341150641441	0.13604168593883514	0.7627657055854797
123	0.04532232508063316	0.13340608775615692	0.761485755443573
124	0.046243105083703995	0.13858290016651154	0.7579802870750427
125	0.046215999871492386	0.13567513227462769	0.7628846764564514
126	0.04435243830084801	0.13349561393260956	0.7671062350273132
127	0.0463024377822876	0.13484561443328857	0.7680255174636841
128	0.04509576037526131	0.13415496051311493	0.7672774791717529
129	0.04372530058026314	0.13060522079467773	0.7666645646095276
130	0.04610317200422287	0.13670319318771362	0.7622795104980469
131	0.04349340870976448	0.13806484639644623	0.763725221157074
132	0.04369065910577774	0.12927280366420746	0.7711952924728394
133	0.04319966584444046	0.132292240858078	0.7721800804138184
134	0.04441333934664726	0.13753266632556915	0.7693759799003601
135	0.04470250383019447	0.1324537843465805	0.7673362493515015
136	0.04309603571891785	0.13044334948062897	0.7635027766227722
137	0.044633179903030396	0.13460278511047363	0.7623411417007446
138	0.04333418607711792	0.13733753561973572	0.7637373208999634
139	0.044597651809453964	0.1302536576986313	0.7692849040031433
140	0.043286409229040146	0.12779557704925537	0.7712960839271545
141	0.044562503695487976	0.1343289315700531	0.7667235136032104
142	0.04358875751495361	0.1360616534948349	0.7642938494682312
143	0.04320255666971207	0.1318885236978531	0.7646171450614929
144	0.042358580976724625	0.13209094107151031	0.7644845247268677
145	0.04129542410373688	0.13594649732112885	0.7624099850654602
146	0.04313885420560837	0.13521544635295868	0.7640678286552429
147	0.0419829860329628	0.13014128804206848	0.7678267955780029
148	0.04183478653430939	0.1319647580385208	0.7682051658630371
149	0.04176471754908562	0.13364195823669434	0.7690996527671814
150	0.04054383561015129	0.13068056106567383	0.7704540491104126
151	0.04207836464047432	0.1301031857728958	0.7674354910850525
152	0.04093550518155098	0.13543549180030823	0.7612373232841492
153	0.04210943728685379	0.1342260241508484	0.7607325315475464
154	0.040504321455955505	0.12799742817878723	0.765285313129425
155	0.04069356247782707	0.13276097178459167	0.7642845511436462
156	0.04120924323797226	0.13598987460136414	0.7632726430892944
157	0.04191699996590614	0.1284555196762085	0.7660745978355408
158	0.04140495881438255	0.12971176207065582	0.7665480971336365
159	0.039978962391614914	0.13242207467556	0.7690742015838623
160	0.04000173509120941	0.1305142343044281	0.7711077332496643
161	0.03959221765398979	0.12582533061504364	0.772661030292511
162	0.040037889033555984	0.1271088570356369	0.770992636680603
163	0.04037760943174362	0.13484470546245575	0.7675541639328003
164	0.040749434381723404	0.13044317066669464	0.769178569316864
165	0.03924868255853653	0.1252044290304184	0.7717763781547546
166	0.04140029847621918	0.12671054899692535	0.7724803686141968
167	0.03970683738589287	0.13335585594177246	0.7722166180610657
168	0.0411219485104084	0.12918731570243835	0.7752863764762878
169	0.037964362651109695	0.12647952139377594	0.7753914594650269
170	0.039038464426994324	0.12919124960899353	0.7737420201301575
171	0.03843633830547333	0.13286057114601135	0.772982656955719
172	0.03912096470594406	0.12998107075691223	0.7743402123451233
173	0.037627533078193665	0.12795957922935486	0.7744790315628052
174	0.038379888981580734	0.12816961109638214	0.7730837464332581
175	0.03793932870030403	0.12960493564605713	0.7714043855667114
176	0.03662418574094772	0.12924784421920776	0.7713451981544495
177	0.0372622087597847	0.12839363515377045	0.7723228931427002
178	0.037294454872608185	0.12764889001846313	0.7721821665763855
179	0.03777053952217102	0.12909092009067535	0.7690291404724121
180	0.03756443038582802	0.1291331946849823	0.767647922039032
181	0.03680090233683586	0.12839825451374054	0.7682548761367798
182	0.03717346861958504	0.1289263516664505	0.7702228426933289
183	0.03640982508659363	0.12896104156970978	0.7702696919441223
184	0.03783028945326805	0.12815412878990173	0.7698158621788025
185	0.0367971695959568	0.12923307716846466	0.7678620219230652
186	0.037142299115657806	0.1321144849061966	0.7652023434638977
187	0.036979347467422485	0.12898163497447968	0.7679639458656311
188	0.03694905340671539	0.1273089051246643	0.771425724029541
189	0.03567847982048988	0.12783975899219513	0.7710497975349426
190	0.03659295663237572	0.1323240101337433	0.7669877409934998
191	0.03854583203792572	0.1312163919210434	0.7638562917709351
192	0.03592950105667114	0.12828543782234192	0.7645701169967651
193	0.038849007338285446	0.12872353196144104	0.7655724883079529
194	0.036159925162792206	0.13243654370307922	0.7649880051612854
195	0.03782128915190697	0.13118748366832733	0.7654411792755127
196	0.03670056164264679	0.12939344346523285	0.7657663822174072
197	0.03720707446336746	0.1300213485956192	0.7651821970939636
198	0.036999959498643875	0.13194908201694489	0.7669437527656555
199	0.038053400814533234	0.12734796106815338	0.7723127603530884
200	0.035296909511089325	0.12628763914108276	0.773260235786438
201	0.03621901199221611	0.1265609860420227	0.7721280455589294
202	0.03661661595106125	0.1302894651889801	0.7674907445907593
203	0.036409951746463776	0.13190120458602905	0.7636234164237976
204	0.0362359918653965	0.12862852215766907	0.7657632827758789
205	0.03646121919155121	0.12738533318042755	0.7689489722251892
206	0.03560560569167137	0.12979868054389954	0.7698451280593872
207	0.0375109426677227	0.13177597522735596	0.7682201266288757
208	0.036753881722688675	0.13034336268901825	0.7679998874664307
209	0.036087408661842346	0.129010409116745	0.7688466906547546
210	0.03600842505693436	0.13088330626487732	0.768622636795044
211	0.03510294109582901	0.129399374127388	0.769554078578949
212	0.03517153114080429	0.12851639091968536	0.7687182426452637
213	0.03566570207476616	0.12766899168491364	0.7696245908737183
214	0.03550407662987709	0.1296762377023697	0.7705463171005249
215	0.03432953357696533	0.12775138020515442	0.7710761427879333
216	0.03533205762505531	0.12539780139923096	0.7719517350196838
217	0.03563936427235603	0.12616375088691711	0.7716008424758911
218	0.035506997257471085	0.12878182530403137	0.7693781852722168
219	0.03361015394330025	0.12892836332321167	0.7678343653678894
220	0.034313272684812546	0.12730109691619873	0.7673907279968262
221	0.03441963344812393	0.12635239958763123	0.7692601084709167
222	0.03419139236211777	0.12732893228530884	0.7708850502967834
223	0.034570012241601944	0.12711907923221588	0.7720850706100464
224	0.03505650535225868	0.1258498579263687	0.7704120874404907
225	0.03367016464471817	0.12846362590789795	0.7669485807418823
226	0.03314802050590515	0.129795640707016	0.7647796869277954
227	0.032491039484739304	0.1294325590133667	0.7638373374938965
228	0.03383786231279373	0.12831121683120728	0.766279399394989
229	0.03258172422647476	0.1294887661933899	0.7677865624427795
230	0.03239767625927925	0.1295139342546463	0.7678139805793762
231	0.03446631878614426	0.12812446057796478	0.7682880759239197
232	0.03429126739501953	0.12985138595104218	0.7678223848342896
233	0.03251796215772629	0.1305616945028305	0.7661805748939514
234	0.03265591710805893	0.12935344874858856	0.7647713422775269
235	0.03290934860706329	0.13153843581676483	0.7608450055122375
236	0.03441296145319939	0.13056112825870514	0.763957679271698
237	0.03278898075222969	0.12958773970603943	0.7673684358596802
238	0.03288482129573822	0.12849800288677216	0.7691550254821777
239	0.03380124270915985	0.12992532551288605	0.7683708071708679
240	0.03389750421047211	0.13044174015522003	0.7651715874671936
241	0.03372811898589134	0.1301380842924118	0.7644006609916687
242	0.034101445227861404	0.1284581571817398	0.7673191428184509
243	0.03271603211760521	0.12771564722061157	0.7704825401306152
244	0.032478492707014084	0.12513494491577148	0.7724318504333496
245	0.03369967266917229	0.123708575963974	0.7723313570022583
246	0.03390798345208168	0.1260332614183426	0.7682428359985352
247	0.03381674364209175	0.13002456724643707	0.7648671865463257
248	0.0350760854780674	0.12665103375911713	0.7679800987243652
249	0.03204923868179321	0.1254538744688034	0.7695177793502808
250	0.0322488509118557	0.12746816873550415	0.7681414484977722
251	0.03331233188509941	0.12992613017559052	0.7646177411079407
252	0.03282834589481354	0.12909233570098877	0.764879047870636
253	0.03226100280880928	0.12714248895645142	0.7668253183364868
254	0.03447173908352852	0.12915702164173126	0.7667944431304932
255	0.0322641022503376	0.1285449117422104	0.7665097713470459
256	0.03252026066184044	0.12655186653137207	0.766228973865509
257	0.03238382562994957	0.1264670342206955	0.7653993964195251
258	0.03191029652953148	0.1275561898946762	0.7655297517776489
259	0.033085938543081284	0.12702162563800812	0.765827476978302
260	0.033263932913541794	0.12814228236675262	0.765019416809082
261	0.03169030323624611	0.12756283581256866	0.7652870416641235
262	0.03261736407876015	0.1258186399936676	0.7693668603897095
263	0.03191772475838661	0.1274304836988449	0.7700095772743225
264	0.03297700360417366	0.1296595335006714	0.7685161828994751
265	0.03244607895612717	0.12782469391822815	0.7665526270866394
266	0.03183746710419655	0.12813015282154083	0.7629169821739197
267	0.032777879387140274	0.12783069908618927	0.7621392011642456
268	0.03219882771372795	0.1279240995645523	0.7630286812782288
269	0.031831298023462296	0.12622609734535217	0.7646375298500061
270	0.03261767700314522	0.12442770600318909	0.7648991942405701
271	0.032557711005210876	0.12652163207530975	0.7642724514007568
272	0.03062189184129238	0.1301320642232895	0.7632625102996826
273	0.032513052225112915	0.12801122665405273	0.7649906873703003
274	0.03239249438047409	0.12730173766613007	0.7656638622283936
275	0.0316157229244709	0.12783829867839813	0.766257107257843
276	0.0304696187376976	0.12853717803955078	0.767871618270874
277	0.03310863673686981	0.12532444298267365	0.7719374895095825
278	0.030187930911779404	0.12466730177402496	0.7721564769744873
279	0.03244595229625702	0.12540209293365479	0.7699182033538818
280	0.03000064752995968	0.12770536541938782	0.7655870318412781
281	0.030857322737574577	0.1289174109697342	0.7617508172988892
282	0.03070211037993431	0.12719860672950745	0.7618392705917358
283	0.03089519403874874	0.1276489645242691	0.7626116275787354
284	0.030919520184397697	0.128053680062294	0.7649469375610352
285	0.03054988384246826	0.12739142775535583	0.7669088840484619
286	0.031598836183547974	0.1256837248802185	0.7671302556991577
287	0.03175780177116394	0.12640851736068726	0.7662379741668701
288	0.031772639602422714	0.12922315299510956	0.7652873396873474
289	0.030739301815629005	0.126723051071167	0.7686607837677002
290	0.030215777456760406	0.12546731531620026	0.7704980373382568
291	0.030217500403523445	0.12686820328235626	0.7697965502738953
292	0.030787676572799683	0.12699873745441437	0.7687055468559265
293	0.030020244419574738	0.12710413336753845	0.7658929228782654
294	0.03132081404328346	0.12577469646930695	0.7650105953216553
295	0.03001363016664982	0.1255897581577301	0.7647849917411804
296	0.030655449256300926	0.12811699509620667	0.7633875608444214
297	0.030661355704069138	0.12668588757514954	0.763070821762085
298	0.029140250757336617	0.12425914406776428	0.7644719481468201
299	0.03142558038234711	0.12585648894309998	0.764566957950592
300	0.0316358357667923	0.12683089077472687	0.7664196491241455
301	0.03128993883728981	0.12487728893756866	0.7688855528831482
302	0.031269628554582596	0.12471569329500198	0.768833577632904
303	0.03066854737699032	0.12731190025806427	0.7668219804763794
304	0.029963798820972443	0.1296112984418869	0.7647627592086792
305	0.031753648072481155	0.12511467933654785	0.7680437564849854
306	0.030863028019666672	0.1249365359544754	0.7703064680099487
307	0.03246527910232544	0.12611280381679535	0.7718940377235413
308	0.03327853977680206	0.12471923977136612	0.7713094353675842
309	0.029198534786701202	0.12880001962184906	0.7655695676803589
310	0.031046191230416298	0.13203756511211395	0.7622875571250916
311	0.033199455589056015	0.12859006226062775	0.7663136124610901
312	0.030181344598531723	0.12675857543945312	0.7683335542678833
313	0.031425975263118744	0.12816646695137024	0.766435980796814
314	0.031069619581103325	0.1283073127269745	0.7635728120803833
315	0.03074345551431179	0.1270124763250351	0.7626283764839172
316	0.02913990058004856	0.12690812349319458	0.762645959854126
317	0.03261568397283554	0.12772780656814575	0.764585018157959
318	0.030803637579083443	0.1296374499797821	0.765207827091217
319	0.030230995267629623	0.12865906953811646	0.7673217058181763
320	0.030796673148870468	0.12615814805030823	0.7694228887557983
321	0.029664011672139168	0.12506243586540222	0.7662071585655212
322	0.029412224888801575	0.12769968807697296	0.7597754001617432
323	0.031254515051841736	0.12795525789260864	0.7585046887397766
324	0.031216232106089592	0.1250927448272705	0.7630707621574402
325	0.030281368643045425	0.12553879618644714	0.7658772468566895
326	0.029841968789696693	0.12671242654323578	0.7674117684364319
327	0.02939624711871147	0.12576130032539368	0.7684414386749268
328	0.02981545217335224	0.1262868344783783	0.765920102596283
329	0.029645955190062523	0.12829972803592682	0.7637574672698975
330	0.02948199212551117	0.12879550457000732	0.7640825510025024
331	0.03046317957341671	0.12630046904087067	0.7653948664665222
332	0.02978905290365219	0.12739752233028412	0.7642308473587036
333	0.02916760928928852	0.12958981096744537	0.7603904008865356
334	0.029156725853681564	0.12668554484844208	0.760853111743927
335	0.028458677232265472	0.12492966651916504	0.7647758722305298
336	0.028162812814116478	0.12749402225017548	0.765538215637207
337	0.02805181033909321	0.12744829058647156	0.7652497887611389
338	0.028464514762163162	0.12605305016040802	0.7651436924934387
339	0.029637765139341354	0.12688423693180084	0.7651229500770569
340	0.029101068153977394	0.1269344538450241	0.7649499773979187
341	0.02941536158323288	0.12547573447227478	0.7661125063896179
342	0.030182605609297752	0.1268119066953659	0.764492392539978
343	0.029262829571962357	0.12816880643367767	0.7639601230621338
344	0.029545320197939873	0.127543106675148	0.7647733092308044
345	0.028507187962532043	0.12519095838069916	0.7668426036834717
346	0.029753491282463074	0.12502381205558777	0.766780436038971
347	0.027761001139879227	0.12751594185829163	0.7633917927742004
348	0.028891893103718758	0.12973178923130035	0.7610675096511841
349	0.029327070340514183	0.12602779269218445	0.7644403576850891
350	0.02757490798830986	0.12621134519577026	0.7656002640724182
351	0.028599953278899193	0.1269286423921585	0.7648124098777771
352	0.028060460463166237	0.12674273550510406	0.7645257711410522
353	0.02804662473499775	0.12644587457180023	0.7637416124343872
354	0.028026990592479706	0.1266958862543106	0.7646771669387817
355	0.028226714581251144	0.12486555427312851	0.767345666885376
356	0.028433600440621376	0.12490716576576233	0.7686706781387329
357	0.028417732566595078	0.1266082376241684	0.7678939700126648
358	0.027907006442546844	0.12815047800540924	0.7660415172576904
359	0.028249412775039673	0.12639309465885162	0.7680001854896545
360	0.027854852378368378	0.1245044618844986	0.7705650329589844
361	0.028895949944853783	0.12467890977859497	0.7700027823448181
362	0.028193578124046326	0.12625612318515778	0.7666317224502563
363	0.02726176008582115	0.12526679039001465	0.7640873193740845
364	0.027857769280672073	0.12513728439807892	0.7642757892608643
365	0.02729930356144905	0.12581641972064972	0.7655819058418274
366	0.028021307662129402	0.12468867748975754	0.7682712078094482
367	0.02773607335984707	0.12359712272882462	0.7686824798583984
368	0.028169317170977592	0.12528233230113983	0.7673088908195496
369	0.027238868176937103	0.12748867273330688	0.7645667791366577
370	0.027835788205266	0.12772032618522644	0.7636396884918213
371	0.028746869415044785	0.12455686181783676	0.7660272121429443
372	0.027197228744626045	0.12428649514913559	0.7675918340682983
373	0.028798907995224	0.12561720609664917	0.7684869170188904
374	0.026813875883817673	0.1251792013645172	0.7689478397369385
375	0.027639199048280716	0.12382078170776367	0.7710171937942505
376	0.028060700744390488	0.12446600943803787	0.7714601755142212
377	0.02788872830569744	0.12651070952415466	0.7688300013542175
378	0.02808925323188305	0.1255839765071869	0.7672352194786072
379	0.027359124273061752	0.12480425834655762	0.7662846446037292
380	0.027613254263997078	0.12667296826839447	0.7645149827003479
381	0.02808530256152153	0.12501823902130127	0.7653467655181885
382	0.027240272611379623	0.12400475889444351	0.7655031681060791
383	0.027108175680041313	0.12607547640800476	0.76457279920578
384	0.027768097817897797	0.12418423593044281	0.7662177085876465
385	0.026338117197155952	0.1246313601732254	0.7657383680343628
386	0.02760409191250801	0.12608219683170319	0.7633719444274902
387	0.02726622298359871	0.12620902061462402	0.7625393867492676
388	0.027503469958901405	0.12575583159923553	0.7629197835922241
389	0.026784267276525497	0.12724189460277557	0.7623797059059143
390	0.027726635336875916	0.1264028698205948	0.763035237789154
391	0.028228387236595154	0.12560412287712097	0.7640666961669922
392	0.027690021321177483	0.12536266446113586	0.7647885084152222
393	0.027455180883407593	0.125980943441391	0.7636725902557373
394	0.02757149003446102	0.12470441311597824	0.7645212411880493
395	0.026722976937890053	0.12482329457998276	0.7650889754295349
396	0.02730455994606018	0.12395558506250381	0.7669686079025269
397	0.027335213497281075	0.12386550009250641	0.7656323909759521
398	0.026697715744376183	0.12664635479450226	0.761475145816803
399	0.026961149647831917	0.12796849012374878	0.7603648900985718
400	0.02768871746957302	0.12570470571517944	0.7630001902580261
401	0.026067545637488365	0.1263965517282486	0.7636650800704956
402	0.026472123339772224	0.1281490921974182	0.7622440457344055
403	0.027215683832764626	0.1263817846775055	0.7612575888633728
404	0.027130305767059326	0.12698030471801758	0.7589479684829712
405	0.02762637287378311	0.12902070581912994	0.7580117583274841
406	0.02760435827076435	0.12684060633182526	0.760643482208252
407	0.027904918417334557	0.12358884513378143	0.7639605402946472
408	0.027772236615419388	0.12519527971744537	0.7645752429962158
409	0.026066478341817856	0.12563808262348175	0.7655158638954163
410	0.027230992913246155	0.1237223818898201	0.7665841579437256
411	0.02741575986146927	0.1245470643043518	0.7665830254554749
412	0.02771824039518833	0.126235693693161	0.7650699615478516
413	0.028119152411818504	0.12614332139492035	0.7624167203903198
414	0.027028735727071762	0.1255108118057251	0.7609823942184448
415	0.027150889858603477	0.12622280418872833	0.7604813575744629
416	0.026513269171118736	0.1278979331254959	0.7608916163444519
417	0.026991402730345726	0.12727148830890656	0.7629140615463257
418	0.026300225406885147	0.12645603716373444	0.7640976309776306
419	0.027256404981017113	0.1268458068370819	0.7650495767593384
420	0.027908699586987495	0.12524999678134918	0.7669578194618225
421	0.02631068229675293	0.124476857483387	0.7670249342918396
422	0.02609846368432045	0.12516041100025177	0.7653003334999084
423	0.025863172486424446	0.12542296946048737	0.7667791247367859
424	0.027808845043182373	0.12445063889026642	0.7684722542762756
425	0.026490306481719017	0.123783178627491	0.7711352705955505
426	0.02637888491153717	0.12466000765562057	0.7702133655548096
427	0.027251049876213074	0.12555323541164398	0.7679684162139893
428	0.026929140090942383	0.12531635165214539	0.7670444250106812
429	0.026016956195235252	0.1257999986410141	0.7648071646690369
430	0.02706545777618885	0.12685497105121613	0.7628724575042725
431	0.026130016893148422	0.12556836009025574	0.7647124528884888
432	0.026843734085559845	0.1255141943693161	0.7649614810943604
433	0.026239879429340363	0.12567539513111115	0.7651200890541077
434	0.02617572993040085	0.12651540338993073	0.7648929953575134
435	0.02632952481508255	0.12705452740192413	0.7625412940979004
436	0.027002651244401932	0.12468860298395157	0.7623714804649353
437	0.026870666071772575	0.12581504881381989	0.7611518502235413
438	0.026096833869814873	0.12526294589042664	0.7631767988204956
439	0.02579355426132679	0.12475758790969849	0.7650392651557922
440	0.0273604579269886	0.12507414817810059	0.7664520740509033
441	0.02629617415368557	0.12502285838127136	0.7676284909248352
442	0.026833655312657356	0.1240762248635292	0.7691479325294495
443	0.025968220084905624	0.12312749028205872	0.76912522315979
444	0.025624291971325874	0.12355922907590866	0.7671419978141785
445	0.0260388795286417	0.12530136108398438	0.7649454474449158
446	0.026854684576392174	0.12542475759983063	0.7648819088935852
447	0.026474015787243843	0.12343525141477585	0.7669123411178589
448	0.026510436087846756	0.12488649040460587	0.7689074277877808
449	0.02575084939599037	0.12549321353435516	0.7705497145652771
450	0.02757260948419571	0.12348293513059616	0.7695410251617432
451	0.026167593896389008	0.12517541646957397	0.7661539912223816
452	0.026774119585752487	0.12683449685573578	0.7650784850120544
453	0.026246579363942146	0.12543059885501862	0.7653256058692932
454	0.025969890877604485	0.12435121089220047	0.7652986645698547
455	0.025635603815317154	0.12659375369548798	0.7633070349693298
456	0.02572641707956791	0.1264074146747589	0.7650183439254761
457	0.025626953691244125	0.12314587831497192	0.7683066129684448
458	0.02624431811273098	0.12287000566720963	0.7686580419540405
459	0.02689930982887745	0.1275605410337448	0.7660717964172363
460	0.02754773385822773	0.1254928559064865	0.7657421231269836
461	0.024426018819212914	0.12387830018997192	0.7644538879394531
462	0.027416035532951355	0.12572342157363892	0.7639786601066589
463	0.026126442477107048	0.12759262323379517	0.764747679233551
464	0.027025436982512474	0.12418372184038162	0.7687588930130005
465	0.02585376612842083	0.12354681640863419	0.7682962417602539
466	0.027393102645874023	0.12678822875022888	0.7638633847236633
467	0.026370670646429062	0.12888605892658234	0.7617752552032471
468	0.027840862050652504	0.12397179007530212	0.7656800746917725
469	0.026893753558397293	0.12327877432107925	0.7659245133399963
470	0.026065809652209282	0.12536180019378662	0.7641003131866455
471	0.027625899761915207	0.12539458274841309	0.7620039582252502
472	0.024965032935142517	0.12398278713226318	0.7624008655548096
473	0.02650795504450798	0.12547816336154938	0.7625555992126465
474	0.025465138256549835	0.12584614753723145	0.7657923102378845
475	0.025612037628889084	0.12349393963813782	0.7683529853820801
476	0.025042323395609856	0.12327408045530319	0.7666060924530029
477	0.02669532038271427	0.12402176856994629	0.7650479078292847
478	0.02603001706302166	0.1255464255809784	0.7632445096969604
479	0.025850042700767517	0.1258174031972885	0.7620459198951721
480	0.02583390660583973	0.12392079085111618	0.7641581892967224
481	0.025662319734692574	0.12446057051420212	0.7638023495674133
482	0.02578580379486084	0.12562403082847595	0.7623963952064514
483	0.025304578244686127	0.12539876997470856	0.7639375329017639
484	0.025982024148106575	0.12420393526554108	0.7657128572463989
485	0.026003407314419746	0.1251135617494583	0.7629314661026001
486	0.026199527084827423	0.12650762498378754	0.7584659457206726
487	0.025028448551893234	0.1274927705526352	0.7571420073509216
488	0.027113983407616615	0.12418471276760101	0.7634420394897461
489	0.02599087730050087	0.1227458193898201	0.7685415744781494
490	0.02534978650510311	0.1241731345653534	0.7685402631759644
491	0.025481989607214928	0.1250377744436264	0.7640312314033508
492	0.02616538293659687	0.12603195011615753	0.7617065906524658
493	0.025418126955628395	0.12508931756019592	0.7627661824226379
494	0.025713469833135605	0.12323226779699326	0.765773594379425
495	0.02605261839926243	0.12347325682640076	0.7653806209564209
496	0.02616795524954796	0.12470326572656631	0.763561487197876
497	0.026297546923160553	0.12645548582077026	0.7620951533317566
498	0.027140773832798004	0.12335757911205292	0.7659891247749329
499	0.025337787345051765	0.12178761512041092	0.7684090733528137
500	0.027995720505714417	0.12287282943725586	0.7670167088508606
501	0.025289490818977356	0.1270514875650406	0.7620736956596375
502	0.0263009425252676	0.12653811275959015	0.7596420645713806
503	0.02551216073334217	0.1231980249285698	0.7617586255073547
504	0.02543351799249649	0.12229224294424057	0.7634680867195129
505	0.02517835982143879	0.12444377690553665	0.761860728263855
506	0.02673608995974064	0.12477294355630875	0.7605129480361938
507	0.02577028051018715	0.12527470290660858	0.7604168653488159
508	0.024347707629203796	0.12461088597774506	0.7632930278778076
509	0.024792024865746498	0.12548810243606567	0.7660306692123413
510	0.024528946727514267	0.12572333216667175	0.7672579288482666
511	0.024920115247368813	0.12461044639348984	0.765941321849823
512	0.02454252727329731	0.12400588393211365	0.7648352384567261
513	0.02413969859480858	0.12495779246091843	0.7634696364402771
514	0.02431962639093399	0.12663955986499786	0.7622659206390381
515	0.02658478543162346	0.12400832772254944	0.7642061710357666
516	0.024409640580415726	0.1244213655591011	0.7617572546005249
517	0.025828726589679718	0.12575848400592804	0.7607667446136475
518	0.025468798354268074	0.12645794451236725	0.7623422145843506
519	0.026050981134176254	0.12541915476322174	0.7624320387840271
520	0.024640174582600594	0.12445947527885437	0.7629843354225159
521	0.025011690333485603	0.12557555735111237	0.7607852816581726
522	0.025419410318136215	0.12581878900527954	0.7621399164199829
523	0.025051280856132507	0.12325716763734818	0.768261730670929
524	0.024960244074463844	0.12313886731863022	0.7689999938011169
525	0.025956079363822937	0.1250317245721817	0.766115665435791
526	0.025334082543849945	0.12577791512012482	0.7639690637588501
527	0.024840407073497772	0.12454702705144882	0.7642941474914551
528	0.024462679401040077	0.12339010834693909	0.7651526927947998
529	0.025707727298140526	0.12442168593406677	0.7629983425140381
530	0.026110384613275528	0.12427245825529099	0.7615970373153687
531	0.025558438152074814	0.12495724111795425	0.760486364364624
532	0.02412092313170433	0.12641452252864838	0.7609032392501831
533	0.0243858452886343	0.1249886006116867	0.7634609937667847
534	0.02460860088467598	0.12407547235488892	0.763480544090271
535	0.02389541268348694	0.12559807300567627	0.7611841559410095
536	0.024634839966893196	0.1262969672679901	0.7619493007659912
537	0.024480216205120087	0.1249421015381813	0.764465868473053
538	0.02417224831879139	0.12317552417516708	0.7660154700279236
539	0.02478526160120964	0.12463023513555527	0.7636560201644897
540	0.02397819422185421	0.12592023611068726	0.7606881260871887
541	0.02530917152762413	0.12396891415119171	0.7629846334457397
542	0.02470974437892437	0.12355000525712967	0.7648465037345886
543	0.024115242063999176	0.12531553208827972	0.7648627161979675
544	0.025151604786515236	0.12491501867771149	0.7646365165710449
545	0.025280142202973366	0.12260161340236664	0.7653660774230957
546	0.02471926063299179	0.12271060794591904	0.7652052044868469
547	0.024168089032173157	0.12542280554771423	0.7619965672492981
548	0.02413930371403694	0.12661252915859222	0.7605943083763123
549	0.025320254266262054	0.1246170848608017	0.762745201587677
550	0.02475740760564804	0.12392640113830566	0.7647855281829834
551	0.024386020377278328	0.12369486689567566	0.7666537761688232
552	0.023635301738977432	0.12408635765314102	0.7672392725944519
553	0.023487690836191177	0.12469402700662613	0.7657964825630188
554	0.024022845551371574	0.1237705647945404	0.7651805877685547
555	0.025161929428577423	0.12374264746904373	0.7640352249145508
556	0.023854129016399384	0.12455490231513977	0.7634367346763611
557	0.02463872916996479	0.12353074550628662	0.7641815543174744
558	0.02489801123738289	0.1225208193063736	0.7651622891426086
559	0.0247337743639946	0.12259161472320557	0.7659351229667664
560	0.023815058171749115	0.12488928437232971	0.7644407749176025
561	0.023745497688651085	0.12488121539354324	0.7644320726394653
562	0.023530513048171997	0.12355182319879532	0.7657431960105896
563	0.02405412495136261	0.12283844500780106	0.7663455009460449
564	0.024600956588983536	0.12353888899087906	0.765828013420105
565	0.022778809070587158	0.12369249016046524	0.763809084892273
566	0.024601714685559273	0.1230831891298294	0.7634789943695068
567	0.023848723620176315	0.12387483566999435	0.762295126914978
568	0.023767685517668724	0.12430395931005478	0.7618417739868164
569	0.023994676768779755	0.1256207376718521	0.7605679035186768
570	0.02406483329832554	0.12636388838291168	0.7610156536102295
571	0.02405979111790657	0.12438704073429108	0.7649378776550293
572	0.02290915884077549	0.12300656735897064	0.7670512795448303
573	0.024752037599682808	0.12309658527374268	0.7658565044403076
574	0.02385115437209606	0.12377455085515976	0.7638542056083679
575	0.023235734552145004	0.12247980386018753	0.7647691965103149
576	0.023832563310861588	0.12291345745325089	0.7650330662727356
577	0.023084592074155807	0.12378858029842377	0.7643826603889465
578	0.023881735280156136	0.122435063123703	0.765515148639679
579	0.02370098978281021	0.12248251587152481	0.7655780911445618
580	0.022456439211964607	0.12450908869504929	0.762782871723175
581	0.024025894701480865	0.12496431916952133	0.7614576816558838
582	0.02459823153913021	0.12420224398374557	0.7627718448638916
583	0.024311941117048264	0.1255318522453308	0.7622244954109192
584	0.023238975554704666	0.12568779289722443	0.7633303999900818
585	0.02423526719212532	0.12484218180179596	0.7650408744812012
586	0.023454660549759865	0.12466438859701157	0.7642719149589539
587	0.0234293844550848	0.12516947090625763	0.7617852091789246
588	0.024197591468691826	0.12517355382442474	0.761040985584259
589	0.023439688608050346	0.12406674027442932	0.7628875374794006
590	0.0244774017482996	0.12258989363908768	0.7642749547958374
591	0.02386332117021084	0.12381324917078018	0.7628346681594849
592	0.0236491821706295	0.126428484916687	0.7600834369659424
593	0.024675846099853516	0.1252061277627945	0.7612329721450806
594	0.024198688566684723	0.12431547790765762	0.7629324793815613
595	0.023793065920472145	0.124285489320755	0.7641188502311707
596	0.02394207939505577	0.1252550184726715	0.7636439204216003
597	0.02408660389482975	0.12385578453540802	0.7633991241455078
598	0.023801131173968315	0.12285802513360977	0.7645876407623291
599	0.024915661662817	0.12298504263162613	0.7651475071907043
600	0.024111295118927956	0.12403184920549393	0.7648147940635681
601	0.024204105138778687	0.12507596611976624	0.7627231478691101
602	0.023294178768992424	0.12501102685928345	0.7615442872047424
603	0.02363569475710392	0.12394960224628448	0.7617889046669006
604	0.02319515123963356	0.12325066328048706	0.763010561466217
605	0.022834155708551407	0.12298443913459778	0.764100968837738
606	0.0243245717138052	0.12379081547260284	0.7626647353172302
607	0.02334018424153328	0.12619180977344513	0.759861409664154
608	0.023399513214826584	0.12484348565340042	0.7622077465057373
609	0.023615757003426552	0.12348262965679169	0.7643863558769226
610	0.023450646549463272	0.12362024188041687	0.763876736164093
611	0.02345154620707035	0.1253049522638321	0.76099693775177
612	0.024196596816182137	0.12608656287193298	0.7585965991020203
613	0.024074295535683632	0.12399508059024811	0.7608283758163452
614	0.0232557225972414	0.12293751537799835	0.7622905373573303
615	0.02434445545077324	0.1253318041563034	0.7598001956939697
616	0.0246144887059927	0.1265067160129547	0.7571027278900146
617	0.023718111217021942	0.1271723210811615	0.7543007731437683
618	0.02498258464038372	0.12724870443344116	0.7554347515106201
619	0.024864567443728447	0.1259206235408783	0.7594671845436096
620	0.022771170362830162	0.1246679276227951	0.7619957327842712
621	0.024802301079034805	0.12362738698720932	0.7612519264221191
622	0.022970259189605713	0.12444816529750824	0.7589548826217651
623	0.02307572029531002	0.12583191692829132	0.7577194571495056
624	0.022639958187937737	0.12531442940235138	0.76112961769104
625	0.0238291397690773	0.12443478405475616	0.762158215045929
626	0.02381644770503044	0.12401841580867767	0.7622705101966858
627	0.025025973096489906	0.12377332150936127	0.7615081667900085
628	0.02453344129025936	0.1249689981341362	0.7596321105957031
629	0.023383481428027153	0.12315168976783752	0.7623445391654968
630	0.023914068937301636	0.1224890872836113	0.7646176815032959
631	0.023104704916477203	0.12439657002687454	0.7639275789260864
632	0.024730533361434937	0.1253201961517334	0.7606165409088135
633	0.023883698508143425	0.125854954123497	0.7580990791320801
634	0.022294074296951294	0.125190868973732	0.7584933042526245
635	0.023604050278663635	0.12488742917776108	0.7593982815742493
636	0.024253111332654953	0.12468951940536499	0.760836660861969
637	0.024252716451883316	0.12416805326938629	0.7633678317070007
638	0.024081692099571228	0.12441559135913849	0.7640336751937866
639	0.023377109318971634	0.12479623407125473	0.7635695338249207
640	0.023683613166213036	0.12397631257772446	0.7642004489898682
641	0.023316705599427223	0.12262896448373795	0.7641705870628357
642	0.02359016425907612	0.12457002699375153	0.7602400779724121
643	0.023455064743757248	0.12579436600208282	0.7583808302879333
644	0.023697245866060257	0.12491943687200546	0.7597780227661133
645	0.024063047021627426	0.12298740446567535	0.7623761296272278
646	0.023903030902147293	0.1232951357960701	0.7631067633628845
647	0.02366308495402336	0.12486192584037781	0.7618488669395447
648	0.02233029529452324	0.1268702894449234	0.7595195770263672
649	0.024649569764733315	0.12501180171966553	0.7613950371742249
650	0.0227824579924345	0.12261749058961868	0.7642318606376648
651	0.02339056320488453	0.12296000868082047	0.7642937302589417
652	0.023865781724452972	0.12412414699792862	0.7630731463432312
653	0.023306559771299362	0.12434688955545425	0.7622717022895813
654	0.02264430932700634	0.12395413219928741	0.7635157108306885
655	0.023468611761927605	0.12323766201734543	0.7653750777244568
656	0.02409221976995468	0.12408797442913055	0.7655138969421387
657	0.024155830964446068	0.12471281737089157	0.7638237476348877
658	0.022588009014725685	0.1251453012228012	0.7611225247383118
659	0.022967778146266937	0.12463641166687012	0.7617575526237488
660	0.022478459402918816	0.12372542172670364	0.7650720477104187
661	0.022903678938746452	0.12349729239940643	0.76715087890625
662	0.022696582600474358	0.12465943396091461	0.7662557363510132
663	0.022919824346899986	0.12535469233989716	0.7640970349311829
664	0.023057376965880394	0.12497340142726898	0.7629632949829102
665	0.022310573607683182	0.12316828966140747	0.7645573616027832
666	0.021955061703920364	0.12174946814775467	0.7665367126464844
667	0.023102963343262672	0.12217023223638535	0.7653378844261169
668	0.0238955058157444	0.12434461712837219	0.7628209590911865
669	0.023054782301187515	0.12479639798402786	0.7615108489990234
670	0.02295001409947872	0.12544086575508118	0.7613184452056885
671	0.023252926766872406	0.12495643645524979	0.7619062066078186
672	0.02330118417739868	0.12483900785446167	0.7614805698394775
673	0.02263866737484932	0.1244603618979454	0.7626561522483826
674	0.023216908797621727	0.12288551032543182	0.7653474807739258
675	0.022837026044726372	0.12208153307437897	0.7675709128379822
676	0.022175274789333344	0.12171874940395355	0.7684381604194641
677	0.022536737844347954	0.1218947246670723	0.7677356004714966
678	0.02232181280851364	0.12296725064516068	0.7663021683692932
679	0.023025311529636383	0.1233881413936615	0.7654397487640381
680	0.022694429382681847	0.12418816983699799	0.7642682790756226
681	0.02315245009958744	0.12463544309139252	0.7642358541488647
682	0.022203588858246803	0.1234164759516716	0.7655649781227112
683	0.022877270355820656	0.1227799728512764	0.7649105787277222
684	0.023310063406825066	0.12404848635196686	0.7618383169174194
685	0.022159265354275703	0.12454982101917267	0.7603294253349304
686	0.022798625752329826	0.12258546054363251	0.762528121471405
687	0.022117676213383675	0.1221739873290062	0.7644147872924805
688	0.02271380089223385	0.12298023700714111	0.7652063369750977
689	0.022316941991448402	0.12240242958068848	0.7658995985984802
690	0.021464193239808083	0.12206237018108368	0.7667678594589233
691	0.022733116522431374	0.12267770618200302	0.7661847472190857
692	0.020876482129096985	0.12400560826063156	0.7645726203918457
693	0.022410346195101738	0.12549053132534027	0.7619447112083435
694	0.02349328063428402	0.12413951009511948	0.7633951306343079
695	0.022517845034599304	0.12320660799741745	0.7642120718955994
696	0.02334277518093586	0.12460058927536011	0.7626033425331116
697	0.022921357303857803	0.125702366232872	0.7599959969520569
698	0.022688305005431175	0.12434447556734085	0.7588600516319275
699	0.021980376914143562	0.12432240694761276	0.7567324042320251
700	0.023454034700989723	0.12460529804229736	0.7562729120254517
701	0.023196278139948845	0.12388965487480164	0.7579730153083801
702	0.023984571918845177	0.12325439602136612	0.7605308294296265
703	0.023358086124062538	0.12564948201179504	0.7588536739349365
704	0.022568799555301666	0.12823279201984406	0.7559261918067932
705	0.02539489045739174	0.12506315112113953	0.7624250054359436
706	0.022812632843852043	0.12180037051439285	0.7670896649360657
707	0.02367471717298031	0.12194087356328964	0.7649462819099426
708	0.023159831762313843	0.12380281835794449	0.7585667371749878
709	0.022843385115265846	0.12709848582744598	0.7515915036201477
710	0.025269513949751854	0.12426358461380005	0.7572091817855835
711	0.02389485016465187	0.12269698828458786	0.7624534368515015
712	0.023454178124666214	0.1244853213429451	0.761082649230957
713	0.023252476006746292	0.1254507601261139	0.7575219869613647
714	0.02214258536696434	0.1258239895105362	0.7553660869598389
715	0.023217542096972466	0.1263025552034378	0.7562028169631958
716	0.022491006180644035	0.12476974725723267	0.7591443657875061
717	0.022450368851423264	0.1227354109287262	0.7613217234611511
718	0.02310800552368164	0.12296544015407562	0.760490357875824
719	0.023200208321213722	0.12296592444181442	0.7602640390396118
720	0.02206769585609436	0.12350551784038544	0.7590765357017517
721	0.0222161952406168	0.1239083781838417	0.758508026599884
722	0.022518714889883995	0.12298564612865448	0.7597851753234863
723	0.022091718390583992	0.12403291463851929	0.7601425051689148
724	0.021930508315563202	0.12307217717170715	0.7631154656410217
725	0.021888425573706627	0.12273053824901581	0.7641217708587646
726	0.023818032816052437	0.12278568744659424	0.7625823020935059
727	0.021924175322055817	0.12380199134349823	0.7599837183952332
728	0.0221110712736845	0.12503235042095184	0.7576439380645752
729	0.02290322631597519	0.12360723316669464	0.7605938911437988
730	0.023057451471686363	0.12096553295850754	0.7650721669197083
731	0.022746140137314796	0.12122807651758194	0.766089141368866
732	0.022578120231628418	0.12358266860246658	0.7633434534072876
733	0.022414959967136383	0.12426680326461792	0.7615811228752136
734	0.021530412137508392	0.12280473858118057	0.7628685235977173
735	0.023463496938347816	0.1219167485833168	0.7640275359153748
736	0.022508593276143074	0.1231919527053833	0.7627711296081543
737	0.022485272958874702	0.12390050292015076	0.7620752453804016
738	0.022118907421827316	0.12232587486505508	0.764436662197113
739	0.02204444259405136	0.12307609617710114	0.7644453048706055
740	0.022803576663136482	0.12520965933799744	0.7610814571380615
741	0.022632000967860222	0.12466106563806534	0.7609605193138123
742	0.021640699356794357	0.12356622517108917	0.7622138857841492
743	0.022742029279470444	0.12383194267749786	0.7622904777526855
744	0.022905906662344933	0.12423183023929596	0.7631460428237915
745	0.022701602429151535	0.12361232936382294	0.7637344598770142
746	0.023151397705078125	0.12410961836576462	0.763035237789154
747	0.022257141768932343	0.12429405748844147	0.7625717520713806
748	0.022046508267521858	0.12422972917556763	0.7621931433677673
749	0.022796273231506348	0.12323487550020218	0.7628805637359619
750	0.02150341495871544	0.12311890721321106	0.7627048492431641
751	0.022540565580129623	0.1247812882065773	0.7611531019210815
752	0.022349238395690918	0.1257796436548233	0.7597814202308655
753	0.02263195626437664	0.12327941507101059	0.7615912556648254
754	0.022495536133646965	0.12242637574672699	0.7614974975585938
755	0.022598855197429657	0.12477603554725647	0.7587969899177551
756	0.021347293630242348	0.1262246072292328	0.7571927309036255
757	0.0226509440690279	0.12227113544940948	0.7603381872177124
758	0.022167999297380447	0.1213996484875679	0.7612722516059875
759	0.02298632077872753	0.12356574833393097	0.7595318555831909
760	0.02243880182504654	0.12495473027229309	0.7592130899429321
761	0.023279879242181778	0.12387866526842117	0.7607085108757019
762	0.022301599383354187	0.12288477271795273	0.762664794921875
763	0.022817512974143028	0.12319282442331314	0.7631076574325562
764	0.021515751257538795	0.12392633408308029	0.7626900672912598
765	0.022642020136117935	0.1234293133020401	0.7603157758712769
766	0.021689483895897865	0.12304803729057312	0.7569695115089417
767	0.021869484335184097	0.12187360972166061	0.757817804813385
768	0.022831324487924576	0.12269800156354904	0.7586174607276917
769	0.023665858432650566	0.12200305610895157	0.7611406445503235
770	0.02217691019177437	0.12282006442546844	0.7617061138153076
771	0.021508658304810524	0.124546580016613	0.7610455751419067
772	0.023296453058719635	0.12595199048519135	0.7608392238616943
773	0.022269144654273987	0.12679465115070343	0.7604437470436096
774	0.02329837903380394	0.12415824830532074	0.7624894380569458
775	0.02135024033486843	0.12314122170209885	0.7615123987197876
776	0.022804271429777145	0.12336941063404083	0.7597386240959167
777	0.02263275720179081	0.123484767973423	0.7600455284118652
778	0.02245289459824562	0.12280784547328949	0.7618153095245361
779	0.022646965458989143	0.1232440248131752	0.7631298899650574
780	0.02189147286117077	0.12476300448179245	0.7625179886817932
781	0.023167675361037254	0.12387504428625107	0.762660562992096
782	0.021665677428245544	0.12266114354133606	0.7637878060340881
783	0.02228422649204731	0.12346543371677399	0.7623477578163147
784	0.02137627638876438	0.1248960942029953	0.7593753337860107
785	0.022159002721309662	0.12353742122650146	0.760429859161377
786	0.02229338511824608	0.12234484404325485	0.7616941332817078
787	0.023103436455130577	0.12231726199388504	0.7612001299858093
788	0.022508908063173294	0.12328480929136276	0.7607786059379578
789	0.023291096091270447	0.12285353243350983	0.7624700665473938
790	0.021330203860998154	0.12318788468837738	0.7625866532325745
791	0.02271616831421852	0.12378499656915665	0.7622291445732117
792	0.022226102650165558	0.12466602027416229	0.7608506679534912
793	0.021863704547286034	0.12383238971233368	0.7602404356002808
794	0.021899007260799408	0.12269975990056992	0.7598519921302795
795	0.022066215053200722	0.12081165611743927	0.7624125480651855
796	0.023000255227088928	0.120872363448143	0.7635601758956909
797	0.023358846083283424	0.12283273041248322	0.7617426514625549
798	0.022596392780542374	0.12492135167121887	0.7595316171646118
799	0.023028617724776268	0.12573164701461792	0.7585375905036926
800	0.022312678396701813	0.1255374550819397	0.7591789960861206
801	0.02201850712299347	0.12440770119428635	0.761890709400177
802	0.021904462948441505	0.12280150502920151	0.7643322348594666
803	0.02224850282073021	0.12110402435064316	0.7656501531600952
804	0.021868228912353516	0.12096875160932541	0.7662798762321472
805	0.02285313978791237	0.12271042913198471	0.7648032903671265
806	0.02348317578434944	0.12310784310102463	0.765887975692749
807	0.022136084735393524	0.1219184398651123	0.7678335309028625
808	0.021673744544386864	0.12151390314102173	0.7671224474906921
809	0.02268970012664795	0.1240195780992508	0.7633883357048035
810	0.021522156894207	0.12542863190174103	0.7597021460533142
811	0.022242264822125435	0.1231050193309784	0.761734664440155
812	0.022245392203330994	0.12118974328041077	0.7644631862640381
813	0.022902192547917366	0.12202568352222443	0.7642467021942139
814	0.023263627663254738	0.12269338220357895	0.7633247375488281
815	0.022404910996556282	0.12363356351852417	0.7602078914642334
816	0.02198566496372223	0.12384434044361115	0.7593335509300232
817	0.021184904500842094	0.12318027764558792	0.7616231441497803
818	0.02206730842590332	0.1241929829120636	0.7622923851013184
819	0.021662278100848198	0.12396511435508728	0.7646059393882751
820	0.021939717233181	0.12309199571609497	0.7648654580116272
821	0.022476058453321457	0.12349250912666321	0.7622067332267761
822	0.021992119029164314	0.12417475134134293	0.7596030235290527
823	0.021447056904435158	0.12360496819019318	0.7591668367385864
824	0.02145918272435665	0.12285400182008743	0.7595670223236084
825	0.022144075483083725	0.12323947995901108	0.7591162919998169
826	0.022152097895741463	0.12456464767456055	0.7580134868621826
827	0.021664518862962723	0.12390203773975372	0.7596017122268677
828	0.021936073899269104	0.12370499223470688	0.7612242102622986
829	0.021116744726896286	0.12419310212135315	0.7614534497261047
830	0.02202656865119934	0.12466877698898315	0.7595975995063782
831	0.021097660064697266	0.12468855828046799	0.7584806680679321
832	0.022754013538360596	0.12477413564920425	0.7587076425552368
833	0.02215961366891861	0.12454396486282349	0.7600994110107422
834	0.022358179092407227	0.12214674800634384	0.7635331749916077
835	0.02187429554760456	0.1218009889125824	0.7628223896026611
836	0.02283884771168232	0.12418276816606522	0.7588062882423401
837	0.021361317485570908	0.12516723573207855	0.7568426728248596
838	0.023295842111110687	0.12268499284982681	0.7606652975082397
839	0.021514620631933212	0.12167239189147949	0.7625302076339722
840	0.02190428413450718	0.12303981930017471	0.7615503072738647
841	0.02172541432082653	0.1248735636472702	0.7607043385505676
842	0.021314939484000206	0.12437637150287628	0.7623284459114075
843	0.021741295233368874	0.12335840612649918	0.7634665369987488
844	0.021314650774002075	0.12323277443647385	0.7613263726234436
845	0.020881177857518196	0.1229616031050682	0.7593963146209717
846	0.02168835699558258	0.12252070754766464	0.758571445941925
847	0.021162984892725945	0.1230909526348114	0.7576623558998108
848	0.02153056673705578	0.12318358570337296	0.7586528658866882
849	0.021119017153978348	0.12267402559518814	0.7607836127281189
850	0.02239033207297325	0.12239813059568405	0.7616321444511414
851	0.02188148722052574	0.1234264150261879	0.7602317333221436
852	0.022279957309365273	0.12453453987836838	0.7584654092788696
853	0.02132417820394039	0.12339282780885696	0.7602431774139404
854	0.02136571891605854	0.12269091606140137	0.7610589265823364
855	0.021324975416064262	0.12269891798496246	0.7606993913650513
856	0.020670749247074127	0.12296044826507568	0.7596791386604309
857	0.021649902686476707	0.12256273627281189	0.7612339854240417
858	0.02195947803556919	0.12225037068128586	0.7625523209571838
859	0.020860467106103897	0.12094012647867203	0.7646011114120483
860	0.0218609981238842	0.12175693362951279	0.7630383968353271
861	0.02120290696620941	0.12324927002191544	0.7589913010597229
862	0.02150755561888218	0.12380453944206238	0.7562217116355896
863	0.021974604576826096	0.121946781873703	0.759360134601593
864	0.02185434103012085	0.12253697961568832	0.7598521709442139
865	0.02173452265560627	0.12381894141435623	0.7578795552253723
866	0.021949490532279015	0.12491938471794128	0.755867063999176
867	0.02118348702788353	0.12412949651479721	0.757316529750824
868	0.02058386616408825	0.12300720065832138	0.7599246501922607
869	0.021348154172301292	0.12341398745775223	0.7606744170188904
870	0.021919598802924156	0.12296459078788757	0.7621141672134399
871	0.02136937715113163	0.1229156106710434	0.7633697986602783
872	0.02150310017168522	0.12261071801185608	0.7646304965019226
873	0.02196590229868889	0.12271364778280258	0.7644906640052795
874	0.0222437996417284	0.12194506078958511	0.7644820809364319
875	0.020830653607845306	0.12268457561731339	0.7619388699531555
876	0.021178195253014565	0.12503479421138763	0.7572479248046875
877	0.02132360078394413	0.12532810866832733	0.7569583058357239
878	0.02199537679553032	0.12346185743808746	0.7598585486412048
879	0.021218236535787582	0.12289761751890182	0.7621232867240906
880	0.020933764055371284	0.12330944836139679	0.7617530822753906
881	0.021980546414852142	0.12264692783355713	0.7613803148269653
882	0.021563608199357986	0.12253686785697937	0.7601974606513977
883	0.02171112783253193	0.12300107628107071	0.7595234513282776
884	0.02047082595527172	0.12198896706104279	0.7620903849601746
885	0.020131342113018036	0.12289002537727356	0.7618786692619324
886	0.020427437499165535	0.12372413277626038	0.7595325708389282
887	0.01961345784366131	0.12377017736434937	0.7589840292930603
888	0.02168039232492447	0.12294340878725052	0.7597834467887878
889	0.02114282362163067	0.12261573225259781	0.7597212791442871
890	0.020979950204491615	0.12211593240499496	0.7593115568161011
891	0.02135131135582924	0.12143011391162872	0.7594200372695923
892	0.021390525624155998	0.12141051143407822	0.7603958249092102
893	0.02053731121122837	0.1219601109623909	0.7624526023864746
894	0.021038003265857697	0.12270285189151764	0.7613158822059631
895	0.02062366157770157	0.12261434644460678	0.7600286602973938
896	0.02085813879966736	0.12256703525781631	0.760509729385376
897	0.021032925695180893	0.12334610521793365	0.7611199617385864
898	0.021804912015795708	0.12250228226184845	0.7627243399620056
899	0.02159908041357994	0.12145420163869858	0.7641899585723877
900	0.0209366288036108	0.12205462902784348	0.7642189860343933
901	0.022055162116885185	0.1233624741435051	0.7645848989486694
902	0.021414849907159805	0.12347246706485748	0.7642960548400879
903	0.02177027240395546	0.1223689466714859	0.7652113437652588
904	0.022346576675772667	0.12191107124090195	0.7653842568397522
905	0.02034940756857395	0.12357590347528458	0.7632708549499512
906	0.0207295473664999	0.12372870743274689	0.7615595459938049
907	0.02073543332517147	0.12279845029115677	0.7606186866760254
908	0.021655796095728874	0.12253808230161667	0.7604179382324219
909	0.02115362323820591	0.12203441560268402	0.7635976672172546
910	0.022012202069163322	0.12091227620840073	0.7672082185745239
911	0.022175995633006096	0.11942341923713684	0.7672511339187622
912	0.022328592836856842	0.12140724807977676	0.7635606527328491
913	0.022256892174482346	0.12496742606163025	0.7587713003158569
914	0.022382620722055435	0.12241991609334946	0.7636731266975403
915	0.02175656333565712	0.11869761347770691	0.768754780292511
916	0.022421257570385933	0.11815832555294037	0.7680426239967346
917	0.02183721587061882	0.12122667580842972	0.7636398673057556
918	0.020792782306671143	0.12369028478860855	0.7602030038833618
919	0.022643348202109337	0.12116264551877975	0.7641522288322449
920	0.02111874148249626	0.11969805508852005	0.7670555710792542
921	0.02094579115509987	0.12041441351175308	0.7667619585990906
922	0.021332498639822006	0.12223868817090988	0.7639133334159851
923	0.0217533428221941	0.12167496979236603	0.7640388011932373
924	0.02193753980100155	0.1218620091676712	0.7638949155807495
925	0.02106156013906002	0.1241431012749672	0.7614818215370178
926	0.022122563794255257	0.12264866381883621	0.7640911340713501
927	0.02086516097187996	0.12001039832830429	0.768212080001831
928	0.021713251248002052	0.11984176933765411	0.7684859037399292
929	0.02146744728088379	0.12130200862884521	0.7670938372612
930	0.021840067580342293	0.12293104082345963	0.7650561928749084
931	0.022194068878889084	0.12239205837249756	0.7641531229019165
932	0.021236659958958626	0.1232062503695488	0.7622929215431213
933	0.021057112142443657	0.12367863208055496	0.7615631222724915
934	0.022320307791233063	0.12217747420072556	0.7642934918403625
935	0.020950088277459145	0.12134426087141037	0.7653579115867615
936	0.021522819995880127	0.1223130077123642	0.7644408345222473
937	0.021075410768389702	0.12418600916862488	0.76298987865448
938	0.021659668534994125	0.12268460541963577	0.7638556361198425
939	0.020691843703389168	0.12162560224533081	0.764786422252655
940	0.02190053090453148	0.1220288798213005	0.7635546326637268
941	0.021798331290483475	0.1226780116558075	0.7612162232398987
942	0.02068929560482502	0.12213090062141418	0.760739266872406
943	0.021123750135302544	0.12132978439331055	0.7610965371131897
944	0.020338812842965126	0.12154035270214081	0.7605746388435364
945	0.021328633651137352	0.12323623150587082	0.7594922184944153
946	0.021271437406539917	0.12372070550918579	0.7598817348480225
947	0.020388759672641754	0.12230726331472397	0.7622109055519104
948	0.021283235400915146	0.12040361762046814	0.7657507658004761
949	0.021179264411330223	0.12007253617048264	0.7661294937133789
950	0.021591264754533768	0.12030965834856033	0.7639894485473633
951	0.02097075991332531	0.12172189354896545	0.7611969113349915
952	0.021776920184493065	0.12327588349580765	0.7596625089645386
953	0.021241769194602966	0.12401437014341354	0.7584484815597534
954	0.020842036232352257	0.12341847270727158	0.7582175731658936
955	0.02104325219988823	0.12151080369949341	0.7601169347763062
956	0.021206315606832504	0.12078901380300522	0.76041179895401
957	0.021199773997068405	0.12128336727619171	0.7589902281761169
958	0.019760359078645706	0.12224988639354706	0.7581883072853088
959	0.021756989881396294	0.12307696044445038	0.7599552273750305
960	0.021610112860798836	0.12335720658302307	0.7624006271362305
961	0.020865630358457565	0.12289144098758698	0.7637139558792114
962	0.020739465951919556	0.12172442674636841	0.7638490796089172
963	0.02045704424381256	0.12144716084003448	0.762904703617096
964	0.020397262647747993	0.12314613908529282	0.7595835328102112
965	0.02122742310166359	0.1235259398818016	0.7578761577606201
966	0.020418860018253326	0.12226388603448868	0.7585735321044922
967	0.020454470068216324	0.12152379006147385	0.7603322863578796
968	0.020753491669893265	0.12186788767576218	0.7620682120323181
969	0.02135472372174263	0.12182676792144775	0.7638829350471497
970	0.020687919110059738	0.12182311713695526	0.7635618448257446
971	0.020212000235915184	0.1223258301615715	0.7620462775230408
972	0.020609693601727486	0.12328888475894928	0.759104311466217
973	0.020406706258654594	0.12278609722852707	0.7575011849403381
974	0.02123725786805153	0.12162303924560547	0.7578100562095642
975	0.020949391648173332	0.12146327644586563	0.7584705948829651
976	0.02048375830054283	0.12292186915874481	0.757596492767334
977	0.02076793648302555	0.12483355402946472	0.7547900676727295
978	0.02197708748281002	0.12364436686038971	0.75675368309021
979	0.02106449566781521	0.12169472873210907	0.7593762278556824
980	0.020887598395347595	0.12121392041444778	0.7600055932998657
981	0.02088429592549801	0.12146894633769989	0.7596563696861267
982	0.021800141781568527	0.12219030410051346	0.7593544721603394
983	0.02021060138940811	0.12400784343481064	0.7571231126785278
984	0.02162826433777809	0.12440882623195648	0.756151556968689
985	0.021437183022499084	0.12328748404979706	0.757197380065918
986	0.02076573111116886	0.12325738370418549	0.7577757239341736
987	0.020328214392066002	0.12275443971157074	0.7598981857299805
988	0.02055058628320694	0.12305467575788498	0.760280191898346
989	0.02112453617155552	0.12419622391462326	0.759151041507721
990	0.020728306844830513	0.12385515868663788	0.7593064308166504
991	0.021158214658498764	0.12236319482326508	0.7599560618400574
992	0.020130038261413574	0.1220061182975769	0.759146511554718
993	0.02044813707470894	0.1226552352309227	0.7590126395225525
994	0.020830685272812843	0.12326567620038986	0.7600371241569519
995	0.021124746650457382	0.12293168902397156	0.7613799571990967
996	0.020340971648693085	0.12284775078296661	0.761411726474762
997	0.021069413051009178	0.12387627363204956	0.7591540217399597
998	0.020203663036227226	0.1235906109213829	0.7577764391899109
999	0.021268654614686966	0.12251061946153641	0.7578861117362976
1000	0.020261356607079506	0.12266970425844193	0.7582012414932251
1001	0.02169046550989151	0.12321575731039047	0.7583829164505005
1002	0.021838044747710228	0.12167832255363464	0.7608785629272461
1003	0.019867485389113426	0.12135177850723267	0.7631768584251404
1004	0.02076422981917858	0.1224706768989563	0.7642303109169006
1005	0.021990278735756874	0.12377287447452545	0.7627535462379456
1006	0.02177041955292225	0.12381866574287415	0.7610508799552917
1007	0.020587898790836334	0.12287360429763794	0.7603532075881958
1008	0.021068911999464035	0.12222069501876831	0.7606753706932068
1009	0.02137397788465023	0.12318751960992813	0.7606208324432373
1010	0.020824624225497246	0.1221923828125	0.7617905139923096
1011	0.021284226328134537	0.12096169590950012	0.762787938117981
1012	0.020982444286346436	0.12163341790437698	0.7611132264137268
1013	0.021525230258703232	0.12368243932723999	0.7582487463951111
1014	0.02116236835718155	0.12508532404899597	0.7554569840431213
1015	0.021447770297527313	0.122957743704319	0.7577838897705078
1016	0.019888851791620255	0.12164350599050522	0.7591845393180847
1017	0.021963147446513176	0.12209661304950714	0.7589124441146851
1018	0.021136632189154625	0.12452621757984161	0.7568376660346985
1019	0.02067164145410061	0.12421539425849915	0.7590779662132263
1020	0.021806858479976654	0.12256252765655518	0.7634884119033813
1021	0.02123044803738594	0.12263307720422745	0.7643515467643738
1022	0.02149772085249424	0.12269662320613861	0.7620623707771301
1023	0.02023913525044918	0.12318723648786545	0.7573032975196838
1024	0.0214149821549654	0.12274947017431259	0.7554678320884705
1025	0.021082332357764244	0.12238822132349014	0.7561352252960205
1026	0.020591652020812035	0.12251268327236176	0.7588945031166077
1027	0.021222786977887154	0.12225760519504547	0.7617821097373962
1028	0.021123766899108887	0.12250278145074844	0.7607613801956177
1029	0.02076953463256359	0.12305673211812973	0.7598745822906494
1030	0.02172986790537834	0.12282863259315491	0.7608563899993896
1031	0.02073470875620842	0.12147003412246704	0.7628068923950195
1032	0.021808195859193802	0.11953894048929214	0.7634004354476929
1033	0.022339720278978348	0.12014035135507584	0.7610451579093933
1034	0.019908783957362175	0.12167903035879135	0.759652316570282
1035	0.02056855708360672	0.12388137727975845	0.7581144571304321
1036	0.021296827122569084	0.12256105989217758	0.7616140246391296
1037	0.02108653448522091	0.12107783555984497	0.7640231847763062
1038	0.02156997285783291	0.1220422089099884	0.7621749043464661
1039	0.020477883517742157	0.1234409362077713	0.7588620781898499
1040	0.021414438262581825	0.12301576137542725	0.7574775815010071
1041	0.020785873755812645	0.12299864739179611	0.7570726871490479
1042	0.02057519368827343	0.12168004363775253	0.7607323527336121
1043	0.020704641938209534	0.12178588658571243	0.7616990208625793
1044	0.021282212808728218	0.12278704345226288	0.7600476145744324
1045	0.020661836490035057	0.12375283241271973	0.7575468420982361
1046	0.02033848501741886	0.12410585582256317	0.7565639019012451
1047	0.02099418081343174	0.12256278842687607	0.7595424056053162
1048	0.01948138326406479	0.1216045394539833	0.7615865468978882
1049	0.02141866274178028	0.12121380865573883	0.7612013220787048
1050	0.021138325333595276	0.12302389740943909	0.7577517032623291
1051	0.020419714972376823	0.12350338697433472	0.7574505805969238
1052	0.020210612565279007	0.12283796817064285	0.7592475414276123
1053	0.020499734207987785	0.1208338811993599	0.7630859017372131
1054	0.020964231342077255	0.12063141167163849	0.7625547647476196
1055	0.0205618217587471	0.12304279208183289	0.7583996057510376
1056	0.020449776202440262	0.12466323375701904	0.7553586363792419
1057	0.021038223057985306	0.12309006601572037	0.7580785751342773
1058	0.020531686022877693	0.12153095752000809	0.7616944909095764
1059	0.020751411095261574	0.12223570793867111	0.7626205086708069
1060	0.02133483625948429	0.1229185163974762	0.761815071105957
1061	0.022167999297380447	0.1227351725101471	0.7602483034133911
1062	0.019505664706230164	0.12279745191335678	0.7588329315185547
1063	0.021035753190517426	0.12367378175258636	0.7570167183876038
1064	0.02087048627436161	0.12369509786367416	0.7580268979072571
1065	0.021357662975788116	0.12268039584159851	0.7604278922080994
1066	0.02110736258327961	0.12035884708166122	0.7620168924331665
1067	0.02102346532046795	0.11976537108421326	0.7610746622085571
1068	0.020558474585413933	0.12094296514987946	0.7590847015380859
1069	0.021852483972907066	0.12188194692134857	0.7594152688980103
1070	0.019576648250222206	0.12270385771989822	0.7610189914703369
1071	0.021111343055963516	0.1219942718744278	0.7617384791374207
1072	0.021643541753292084	0.1225481852889061	0.7604830861091614
1073	0.020262785255908966	0.12331004440784454	0.7592698335647583
1074	0.02112259343266487	0.122867651283741	0.7583822011947632
1075	0.021005021408200264	0.12130388617515564	0.7590388655662537
1076	0.020714357495307922	0.12167559564113617	0.7582218050956726
1077	0.02133272960782051	0.12271717935800552	0.7575966119766235
1078	0.02060370147228241	0.12188898026943207	0.7612683176994324
1079	0.020077873021364212	0.12114568799734116	0.7644078731536865
1080	0.021162061020731926	0.12129853665828705	0.7644069790840149
1081	0.021680781617760658	0.12201465666294098	0.7611802816390991
1082	0.01990569941699505	0.12303908914327621	0.7576916813850403
1083	0.020250923931598663	0.12355359643697739	0.7562810182571411
1084	0.02081097662448883	0.1224968284368515	0.7575432658195496
1085	0.02009173482656479	0.12168841063976288	0.7590097188949585
1086	0.021038267761468887	0.12255025655031204	0.7585459351539612
1087	0.0202622152864933	0.12446426600217819	0.755355954170227
1088	0.020021524280309677	0.12541165947914124	0.7534891366958618
1089	0.02061024308204651	0.12394294887781143	0.75603848695755
1090	0.021162590011954308	0.1215866357088089	0.7609353065490723
1091	0.021291591227054596	0.12194347381591797	0.7628586888313293
1092	0.020543087273836136	0.1223662719130516	0.762919008731842
1093	0.020073527470231056	0.12249768525362015	0.7626921534538269
1094	0.021066270768642426	0.12171031534671783	0.7631512880325317
1095	0.020763086155056953	0.12142855674028397	0.7636972069740295
1096	0.02087332308292389	0.12225568294525146	0.7621042132377625
1097	0.020127445459365845	0.12349461764097214	0.7590222954750061
1098	0.02104427106678486	0.12358256429433823	0.7582647800445557
1099	0.020236218348145485	0.12368664145469666	0.7573100924491882
1100	0.020747531205415726	0.12459411472082138	0.7564829587936401
1101	0.020015889778733253	0.12477098405361176	0.7574582695960999
1102	0.019443003460764885	0.12354465574026108	0.758888840675354
1103	0.020351862534880638	0.12285726517438889	0.7588689923286438
1104	0.019949665293097496	0.12353583425283432	0.7581101655960083
1105	0.019845295697450638	0.12386133521795273	0.7580241560935974
1106	0.020674487575888634	0.12153492867946625	0.761610209941864
1107	0.020786339417099953	0.1210537925362587	0.763305127620697
1108	0.0206752922385931	0.12287372350692749	0.761394202709198
1109	0.020799685269594193	0.12420512735843658	0.758394718170166
1110	0.02074991911649704	0.12305127084255219	0.7600706815719604
1111	0.019963281229138374	0.12212269753217697	0.7625613808631897
1112	0.02022089622914791	0.12328843027353287	0.762103259563446
1113	0.020228514447808266	0.12340591847896576	0.7622599005699158
1114	0.021301405504345894	0.12200932204723358	0.7624990940093994
1115	0.020129702985286713	0.12208449095487595	0.7612564563751221
1116	0.019742177799344063	0.12266989797353745	0.7593691945075989
1117	0.0198763906955719	0.12256462126970291	0.7602865695953369
1118	0.019035082310438156	0.12154367566108704	0.7626891732215881
1119	0.02011275850236416	0.12186331301927567	0.7629613876342773
1120	0.020702341571450233	0.12299728393554688	0.7612408399581909
1121	0.02044048346579075	0.12262916564941406	0.7615390419960022
1122	0.020252535119652748	0.12290346622467041	0.7600693702697754
1123	0.020542167127132416	0.12236776947975159	0.7599972486495972
1124	0.019350513815879822	0.12216243892908096	0.7601237893104553
1125	0.020743921399116516	0.12257210910320282	0.7606515884399414
1126	0.02055719494819641	0.12271679192781448	0.7613836526870728
1127	0.01945323310792446	0.12251638621091843	0.7620665431022644
1128	0.020073838531970978	0.12176007032394409	0.7639684677124023
1129	0.019837340340018272	0.12152152508497238	0.7652164697647095
1130	0.01980624534189701	0.12197290360927582	0.7646621465682983
1131	0.02015235647559166	0.12248212099075317	0.7628797292709351
1132	0.02020161785185337	0.12185882776975632	0.7616048455238342
1133	0.020640632137656212	0.12257362902164459	0.7595905661582947
1134	0.019534168764948845	0.12360049784183502	0.7591291666030884
1135	0.0211116261780262	0.12259472906589508	0.7615266442298889
1136	0.019118087366223335	0.1218409612774849	0.7635210156440735
1137	0.020806655287742615	0.12157326191663742	0.7633744478225708
1138	0.020839359611272812	0.12252748757600784	0.7605965733528137
1139	0.01996402069926262	0.12494758516550064	0.7560923099517822
1140	0.020765548571944237	0.12394074350595474	0.7578044533729553
1141	0.020333105698227882	0.12180940061807632	0.7619588971138
1142	0.020303085446357727	0.12088029086589813	0.7639081478118896
1143	0.020107826218008995	0.1222517192363739	0.762876033782959
1144	0.020519312471151352	0.12440794706344604	0.7595399618148804
1145	0.02177172340452671	0.1235722005367279	0.7591203451156616
1146	0.019895199686288834	0.12220015376806259	0.7609232664108276
1147	0.02054007165133953	0.12229730933904648	0.7608323693275452
1148	0.021145744249224663	0.12221702933311462	0.7600234150886536
1149	0.02054918371140957	0.12244271486997604	0.7576714158058167
1150	0.02058294788002968	0.1223108321428299	0.7573671340942383
1151	0.020928559824824333	0.12227925658226013	0.7585047483444214
1152	0.019849365577101707	0.1240568608045578	0.7587212324142456
1153	0.02042321488261223	0.12426569312810898	0.7602319717407227
1154	0.020358940586447716	0.12347810715436935	0.7602317333221436
1155	0.021081816405057907	0.12247530370950699	0.7601564526557922
1156	0.020827604457736015	0.12299678474664688	0.7584161758422852
1157	0.020090827718377113	0.12235749512910843	0.7594685554504395
1158	0.01956189051270485	0.12153881788253784	0.7610457539558411
1159	0.019599003717303276	0.12260979413986206	0.7598299384117126
1160	0.019361065700650215	0.1242377832531929	0.7569271922111511
1161	0.01958719827234745	0.12404824048280716	0.7561824917793274
1162	0.01950952783226967	0.12232447415590286	0.7583087086677551
1163	0.020627452060580254	0.12103693187236786	0.760303258895874
1164	0.020260779187083244	0.12120828777551651	0.7611247301101685
1165	0.020139049738645554	0.12369780987501144	0.7580023407936096
1166	0.02053513191640377	0.12386519461870193	0.7572966814041138
1167	0.020604891702532768	0.12471519410610199	0.7558351755142212
1168	0.020770331844687462	0.12306687980890274	0.7581396698951721
1169	0.020161563530564308	0.12222007662057877	0.7593525052070618
