epoch	train_loss	test_loss	test_metric
0	0.29939353466033936	0.4025683104991913	0.38670051097869873
1	0.25220954418182373	0.3548484742641449	0.38712969422340393
2	0.21870677173137665	0.3131197392940521	0.39840611815452576
3	0.1915815770626068	0.2796228528022766	0.41204848885536194
4	0.17065061628818512	0.254473477602005	0.4276792109012604
5	0.15276344120502472	0.23241440951824188	0.44214993715286255
6	0.14148181676864624	0.2189021110534668	0.46440646052360535
7	0.13455931842327118	0.21597711741924286	0.4873042702674866
8	0.13190807402133942	0.20852704346179962	0.5086278319358826
9	0.12606458365917206	0.2008824497461319	0.5328050851821899
10	0.12433315813541412	0.19658739864826202	0.5575515627861023
11	0.12028174102306366	0.19118088483810425	0.5846216082572937
12	0.11941871792078018	0.1941421777009964	0.6073127388954163
13	0.11589974164962769	0.19141262769699097	0.6276196837425232
14	0.11349087208509445	0.18654415011405945	0.6422569155693054
15	0.11424291878938675	0.18608714640140533	0.6520233750343323
16	0.11107310652732849	0.19303375482559204	0.6600316762924194
17	0.10992052406072617	0.20046378672122955	0.6678215861320496
18	0.10835514962673187	0.1839831918478012	0.6759063005447388
19	0.10504131764173508	0.17781120538711548	0.6810764074325562
20	0.10287389904260635	0.1836192011833191	0.6822867393493652
21	0.10217483341693878	0.18327297270298004	0.6823662519454956
22	0.09939029812812805	0.18551699817180634	0.6809651255607605
23	0.09998465329408646	0.1743667721748352	0.6795042157173157
24	0.09597048908472061	0.16954736411571503	0.6782273054122925
25	0.09542685747146606	0.1770736575126648	0.680072546005249
26	0.09535682946443558	0.17960232496261597	0.6852970719337463
27	0.09399349987506866	0.17616908252239227	0.6891839504241943
28	0.09303685277700424	0.16721457242965698	0.6926456093788147
29	0.09230133146047592	0.16690100729465485	0.6958654522895813
30	0.09144886583089828	0.17604604363441467	0.6980244517326355
31	0.08940960466861725	0.17339149117469788	0.6974656581878662
32	0.0876539945602417	0.159479558467865	0.6989670991897583
33	0.08873952180147171	0.16409902274608612	0.702647864818573
34	0.08398155868053436	0.17006172239780426	0.7037124037742615
35	0.08656105399131775	0.1513853818178177	0.7059713006019592
36	0.08414287865161896	0.15222817659378052	0.7042616009712219
37	0.08586586266756058	0.17216996848583221	0.7048768997192383
38	0.08464162051677704	0.16016478836536407	0.712407112121582
39	0.08012120425701141	0.14825882017612457	0.7169163823127747
40	0.0808463841676712	0.1520071029663086	0.7202150821685791
41	0.08115334808826447	0.1605847328901291	0.717650830745697
42	0.07838035374879837	0.16013003885746002	0.711571216583252
43	0.07903122156858444	0.1545797735452652	0.707811713218689
44	0.07967352122068405	0.15713626146316528	0.7082957625389099
45	0.07644695788621902	0.1511336714029312	0.7125164270401001
46	0.0779421404004097	0.1484898328781128	0.7203193306922913
47	0.07589974999427795	0.1532425433397293	0.7236160635948181
48	0.0765090212225914	0.15722154080867767	0.721581220626831
49	0.07631471008062363	0.14731554687023163	0.7160491347312927
50	0.07341514527797699	0.14688178896903992	0.7158570289611816
51	0.07397924363613129	0.15237562358379364	0.723608672618866
52	0.07396324723958969	0.15771883726119995	0.7322291731834412
53	0.07303068786859512	0.1428818702697754	0.7370033264160156
54	0.071504607796669	0.1397191882133484	0.7359538674354553
55	0.07084242254495621	0.15187914669513702	0.7313647866249084
56	0.07054504007101059	0.1504202038049698	0.7272282838821411
57	0.07038585096597672	0.13869315385818481	0.7259846329689026
58	0.06842684000730515	0.13781748712062836	0.7325230240821838
59	0.06939706206321716	0.1458175778388977	0.7388073205947876
60	0.06758589297533035	0.13969436287879944	0.7430558204650879
61	0.0665384829044342	0.13011817634105682	0.743600070476532
62	0.06692013144493103	0.1374640166759491	0.7439676523208618
63	0.06530073285102844	0.1468273252248764	0.7455606460571289
64	0.06527551263570786	0.13821972906589508	0.7458471655845642
65	0.06501331180334091	0.1374073326587677	0.7430415749549866
66	0.06579828262329102	0.14985984563827515	0.7404168248176575
67	0.06448660790920258	0.15898528695106506	0.7372823357582092
68	0.06550120562314987	0.1405150294303894	0.736935555934906
69	0.06362737715244293	0.13497929275035858	0.7370250821113586
70	0.0655457153916359	0.14207077026367188	0.7385673522949219
71	0.06433550268411636	0.14595001935958862	0.7409040927886963
72	0.06409536302089691	0.13560789823532104	0.7415724992752075
73	0.06252148002386093	0.13977375626564026	0.7393029928207397
74	0.06116989627480507	0.14535874128341675	0.7371492385864258
75	0.06237923353910446	0.13341298699378967	0.7384226322174072
76	0.05890806391835213	0.1344141960144043	0.741604208946228
77	0.060971084982156754	0.14286863803863525	0.7435150742530823
78	0.06005137786269188	0.1404162496328354	0.7473376989364624
79	0.06028681620955467	0.13394726812839508	0.7474954724311829
80	0.05866231396794319	0.14080649614334106	0.7408468127250671
81	0.06033861264586449	0.13935749232769012	0.7374007105827332
82	0.05844080075621605	0.1332593858242035	0.7385368347167969
83	0.05785875767469406	0.13262300193309784	0.7414957880973816
84	0.05868395045399666	0.13731016218662262	0.744918942451477
85	0.056262604892253876	0.13337238132953644	0.745061457157135
86	0.05704621598124504	0.1294647753238678	0.7428528070449829
87	0.05617951229214668	0.13319073617458344	0.7355230450630188
88	0.05640905350446701	0.13767659664154053	0.7309067845344543
89	0.055943336337804794	0.13355810940265656	0.7337180972099304
90	0.056513138115406036	0.13276590406894684	0.7370412349700928
91	0.05467885360121727	0.13247349858283997	0.7376267910003662
92	0.05508778244256973	0.13770484924316406	0.7385408282279968
93	0.054477717727422714	0.12985344231128693	0.7383502721786499
94	0.05528036132454872	0.13192002475261688	0.7430723905563354
95	0.05484645813703537	0.13247467577457428	0.7511578798294067
96	0.05395876243710518	0.13056927919387817	0.7490014433860779
97	0.054070740938186646	0.134337916970253	0.7411099672317505
98	0.053679727017879486	0.13463614881038666	0.7357127666473389
99	0.053559985011816025	0.12443294376134872	0.7382367253303528
100	0.05430176481604576	0.12768985331058502	0.7413959503173828
101	0.052323631942272186	0.13062913715839386	0.7453607320785522
102	0.05247220769524574	0.12601357698440552	0.7451031804084778
103	0.051918208599090576	0.12751783430576324	0.7407215237617493
104	0.05006778985261917	0.1331866979598999	0.7370665669441223
105	0.05130608379840851	0.1308373212814331	0.7346151471138
106	0.052520714700222015	0.1314714401960373	0.7306181192398071
107	0.05077347904443741	0.13280491530895233	0.7315769195556641
108	0.05055681988596916	0.1286603808403015	0.7368992567062378
109	0.05009867623448372	0.13392184674739838	0.7385336756706238
110	0.05017390847206116	0.1307678520679474	0.734521746635437
111	0.04947681725025177	0.12688742578029633	0.7288642525672913
112	0.049853600561618805	0.13196894526481628	0.727039635181427
113	0.05083867534995079	0.13079281151294708	0.7303327918052673
114	0.047915924340486526	0.12673252820968628	0.7361218333244324
115	0.04743853956460953	0.12425819784402847	0.7385648488998413
116	0.048958614468574524	0.12849192321300507	0.7396377921104431
117	0.04831536114215851	0.13021190464496613	0.7379354238510132
118	0.04745249077677727	0.12422933429479599	0.7348998785018921
119	0.047811347991228104	0.13127709925174713	0.7362008690834045
120	0.04933618754148483	0.13394343852996826	0.7436623573303223
121	0.048447638750076294	0.12221592664718628	0.750571072101593
122	0.04700333997607231	0.12189403921365738	0.7512842416763306
123	0.04764433950185776	0.1267588585615158	0.7472783923149109
124	0.04756651446223259	0.12615543603897095	0.7436621189117432
125	0.045365940779447556	0.12526267766952515	0.740375280380249
126	0.04542447626590729	0.12866002321243286	0.7386370897293091
127	0.045326460152864456	0.12773433327674866	0.734612762928009
128	0.04472585394978523	0.1260596513748169	0.7364880442619324
129	0.04577985778450966	0.1289432793855667	0.7368112206459045
130	0.04577600210905075	0.12698064744472504	0.733985185623169
131	0.043853312730789185	0.12452967464923859	0.7342992424964905
132	0.04335373640060425	0.12493252009153366	0.7349933385848999
133	0.044146351516246796	0.12540823221206665	0.7345592379570007
134	0.04377705976366997	0.12965478003025055	0.7332656383514404
135	0.04241347312927246	0.12790419161319733	0.7335025668144226
136	0.042703453451395035	0.1247466430068016	0.7353944778442383
137	0.04386454448103905	0.1294163316488266	0.7373470664024353
138	0.042751334607601166	0.12559469044208527	0.7355987429618835
139	0.04281522333621979	0.12581749260425568	0.7352418899536133
140	0.04393528774380684	0.12858466804027557	0.735676109790802
141	0.044433631002902985	0.1270984411239624	0.7352957725524902
142	0.04221826419234276	0.1274859607219696	0.7353387475013733
143	0.04296479374170303	0.1247628778219223	0.7348372340202332
144	0.042843133211135864	0.12873217463493347	0.7328649163246155
145	0.0423879437148571	0.12606056034564972	0.7332668900489807
146	0.04186767339706421	0.12300938367843628	0.7352079749107361
147	0.042042508721351624	0.1294988989830017	0.7346943020820618
148	0.0424644872546196	0.12779925763607025	0.7321551442146301
149	0.04013654589653015	0.12322491407394409	0.7326957583427429
150	0.04112248122692108	0.12628714740276337	0.730462908744812
151	0.042057234793901443	0.1300157904624939	0.7324838638305664
152	0.04096965119242668	0.12379173934459686	0.7366505265235901
153	0.03924465924501419	0.12221212685108185	0.7369751930236816
154	0.04157653823494911	0.12707188725471497	0.7373631000518799
155	0.0421564020216465	0.12545672059059143	0.7351754903793335
156	0.04165282100439072	0.12651360034942627	0.7286091446876526
157	0.04144992679357529	0.12753626704216003	0.7261397242546082
158	0.04038045182824135	0.126325786113739	0.7275258302688599
159	0.04011101648211479	0.12371979653835297	0.7327815890312195
160	0.03968909755349159	0.12357387691736221	0.7345791459083557
161	0.03967224806547165	0.12052693217992783	0.7357210516929626
162	0.04153049364686012	0.1195489913225174	0.7393369674682617
163	0.04046709090471268	0.12445278465747833	0.7375903129577637
164	0.041045524179935455	0.12406168133020401	0.7329412698745728
165	0.04006639122962952	0.12400005012750626	0.733508288860321
166	0.03905908390879631	0.12334693968296051	0.7374693155288696
167	0.03827573359012604	0.11970242112874985	0.743213951587677
168	0.0393785759806633	0.12097413092851639	0.7405739426612854
169	0.038267455995082855	0.12627975642681122	0.7309930324554443
170	0.03994003310799599	0.12673796713352203	0.7291104197502136
171	0.039407454431056976	0.12354286760091782	0.7363763451576233
172	0.03982584923505783	0.1256396323442459	0.7410350441932678
173	0.03849026560783386	0.12802474200725555	0.7375766038894653
174	0.038921527564525604	0.12593194842338562	0.730690062046051
175	0.03713751584291458	0.12326674908399582	0.7325749397277832
176	0.03701610118150711	0.12153523415327072	0.7367087602615356
177	0.03912120684981346	0.12311296164989471	0.7401386499404907
178	0.03982033208012581	0.12284243106842041	0.7359980344772339
179	0.037644341588020325	0.12320992350578308	0.7295371294021606
180	0.039274945855140686	0.12433009594678879	0.7305461168289185
181	0.03749587759375572	0.12669260799884796	0.7332074046134949
182	0.03731674700975418	0.12672951817512512	0.7335131764411926
183	0.03701036795973778	0.12444985657930374	0.7273551225662231
184	0.0378221720457077	0.12547087669372559	0.7274678349494934
185	0.03825095668435097	0.12585599720478058	0.7297081351280212
186	0.037331368774175644	0.12445246428251266	0.7268885374069214
187	0.036073703318834305	0.12622763216495514	0.7232263088226318
188	0.03678828850388527	0.12836748361587524	0.7223597764968872
189	0.03584097698330879	0.12539158761501312	0.7267174124717712
190	0.036569517105817795	0.12229166179895401	0.7321791052818298
191	0.03761974722146988	0.12491586804389954	0.7325238585472107
192	0.036991871893405914	0.1249082088470459	0.7292060256004333
193	0.03652677685022354	0.12691809237003326	0.722720742225647
194	0.0366879403591156	0.1265193223953247	0.7259624600410461
195	0.034891754388809204	0.127278670668602	0.7291867136955261
196	0.03697267919778824	0.125210702419281	0.7295230627059937
197	0.03574071824550629	0.12440891563892365	0.7316359281539917
198	0.03638561815023422	0.12396345287561417	0.730285108089447
199	0.03715043514966965	0.12264440953731537	0.7292224764823914
200	0.03560245409607887	0.12492389976978302	0.7272182703018188
201	0.03483549505472183	0.12545034289360046	0.7294762134552002
202	0.03611532598733902	0.12504808604717255	0.7302099466323853
203	0.03546832129359245	0.12391991168260574	0.7245920300483704
204	0.03641558438539505	0.12622584402561188	0.7229825258255005
205	0.035476889461278915	0.12418689578771591	0.7271984219551086
206	0.034902527928352356	0.12454712390899658	0.7309937477111816
207	0.0354706235229969	0.12272147089242935	0.7313135862350464
208	0.03518201783299446	0.12288965284824371	0.728043794631958
209	0.03550869971513748	0.12131035327911377	0.7315492033958435
210	0.03540397435426712	0.12254167348146439	0.7392294406890869
211	0.035860560834407806	0.12489191442728043	0.7367973327636719
212	0.03556184098124504	0.12275893241167068	0.7281720638275146
213	0.03663306683301926	0.12359552830457687	0.7279453873634338
214	0.036490947008132935	0.12496080994606018	0.738250195980072
215	0.03564245626330376	0.1196867823600769	0.7428892254829407
216	0.03626145422458649	0.12235721200704575	0.7372405529022217
217	0.035478055477142334	0.12798193097114563	0.7302929759025574
218	0.036880988627672195	0.12348082661628723	0.7269130349159241
219	0.034646954387426376	0.12226514518260956	0.7270540595054626
220	0.03601327911019325	0.12558545172214508	0.7326826453208923
221	0.034650787711143494	0.12333977967500687	0.7360777854919434
222	0.03503567352890968	0.12085413932800293	0.736325204372406
223	0.032702185213565826	0.12260663509368896	0.7289351224899292
224	0.03385194018483162	0.12849284708499908	0.7236051559448242
225	0.03587660938501358	0.12616020441055298	0.7292866110801697
226	0.03340370953083038	0.12569724023342133	0.7295852899551392
227	0.03532625362277031	0.12858082354068756	0.7262911200523376
228	0.033756885677576065	0.12668375670909882	0.7243191599845886
229	0.03305085748434067	0.1230931356549263	0.7285720705986023
230	0.034758735448122025	0.1214773952960968	0.7346420884132385
231	0.03452526405453682	0.1207113116979599	0.7353729605674744
232	0.03322272747755051	0.1198657900094986	0.73049396276474
233	0.03339977189898491	0.12270396947860718	0.7256485223770142
234	0.033140406012535095	0.12556800246238708	0.7253132462501526
235	0.0354941226541996	0.1226426512002945	0.7295429110527039
236	0.03451479226350784	0.12478186190128326	0.7299559116363525
237	0.034046873450279236	0.13015523552894592	0.7275893092155457
238	0.03467077016830444	0.12705670297145844	0.7263526320457458
239	0.034607093781232834	0.12216783314943314	0.7261226177215576
240	0.03479628264904022	0.12342726439237595	0.7343839406967163
241	0.03483256325125694	0.12692274153232574	0.7325735688209534
242	0.03656187653541565	0.1231427863240242	0.7253639698028564
243	0.032867416739463806	0.12328594923019409	0.7198728919029236
244	0.035428907722234726	0.12364166975021362	0.7281754016876221
245	0.034669674932956696	0.1247129961848259	0.7360522747039795
246	0.03413645550608635	0.12370575964450836	0.7351717948913574
247	0.034384582191705704	0.12273968756198883	0.7287259101867676
248	0.0325143039226532	0.12591221928596497	0.7183335423469543
249	0.03507242351770401	0.12590046226978302	0.720372200012207
250	0.034648552536964417	0.12159222364425659	0.7328491806983948
251	0.03264932334423065	0.12161139398813248	0.737479031085968
252	0.03434191271662712	0.12190084159374237	0.734183132648468
253	0.03471022844314575	0.1237800270318985	0.7293469309806824
254	0.0326324999332428	0.12663529813289642	0.7265918254852295
255	0.03429185971617699	0.12445562332868576	0.7280346751213074
256	0.033069025725126266	0.12150026112794876	0.7335420846939087
257	0.03342755511403084	0.12278714030981064	0.7378656268119812
258	0.03359706327319145	0.12558434903621674	0.7320501208305359
259	0.03152468428015709	0.12730999290943146	0.7209283709526062
260	0.03200967609882355	0.12583281099796295	0.721636950969696
261	0.033461615443229675	0.12323544174432755	0.7339322566986084
262	0.03279980644583702	0.12264738231897354	0.7403337955474854
263	0.03466416895389557	0.12091786414384842	0.7353807091712952
264	0.03203325718641281	0.12104828655719757	0.7295275330543518
265	0.03397522494196892	0.12098389118909836	0.7294195890426636
266	0.03311414644122124	0.11820222437381744	0.7349861264228821
267	0.03210032358765602	0.11873998492956161	0.7381615042686462
268	0.03246885538101196	0.12051033228635788	0.7360015511512756
269	0.030667325481772423	0.12191206216812134	0.733147144317627
270	0.03266061842441559	0.12255559116601944	0.7298305630683899
271	0.03052164614200592	0.12460052967071533	0.7321178913116455
272	0.032403409481048584	0.12216321378946304	0.7339608073234558
273	0.03270930424332619	0.11905913800001144	0.7340247631072998
274	0.031548723578453064	0.12165536731481552	0.7306600213050842
275	0.03346236050128937	0.12202780693769455	0.7302284240722656
276	0.03127387538552284	0.12059392035007477	0.7308272123336792
277	0.03144516050815582	0.12193245440721512	0.730950653553009
278	0.03100726008415222	0.12455587834119797	0.7330790758132935
279	0.032512519508600235	0.12019529193639755	0.7328664064407349
280	0.03112151101231575	0.11939647793769836	0.7320395112037659
281	0.031600046902894974	0.12120065093040466	0.7296578884124756
282	0.031338516622781754	0.12106358259916306	0.7295944690704346
283	0.03030911274254322	0.12136439979076385	0.7311663627624512
284	0.03030264377593994	0.12232693284749985	0.7336184978485107
285	0.03109506145119667	0.12081658840179443	0.731745719909668
286	0.030814390629529953	0.12138760089874268	0.7292333841323853
287	0.03048875369131565	0.12516264617443085	0.7313200235366821
288	0.032571882009506226	0.12170358002185822	0.7341623902320862
289	0.030266745015978813	0.1187620460987091	0.7352943420410156
290	0.030257996171712875	0.11947378516197205	0.7333337664604187
291	0.030134128406643867	0.12479843944311142	0.7311142086982727
292	0.031839609146118164	0.12111783027648926	0.7353344559669495
293	0.030407289043068886	0.11897764354944229	0.7362673878669739
294	0.03089650720357895	0.12252003699541092	0.7367424964904785
295	0.03010941669344902	0.1258506029844284	0.7325997352600098
296	0.031098172068595886	0.12085222452878952	0.7296852469444275
297	0.03198143094778061	0.12146123498678207	0.7281984686851501
298	0.029809636995196342	0.12415967136621475	0.730064332485199
299	0.02973070554435253	0.12270056456327438	0.7317716479301453
300	0.03053472377359867	0.12118672579526901	0.7278050780296326
301	0.031480420380830765	0.12318485975265503	0.7244114279747009
302	0.031102247536182404	0.12718355655670166	0.7250761985778809
303	0.030455751344561577	0.12463138997554779	0.7276851534843445
304	0.030327053740620613	0.12019303441047668	0.7305765748023987
305	0.030899032950401306	0.12003349512815475	0.7337226867675781
306	0.03161129727959633	0.12460207939147949	0.7341117262840271
307	0.03252507746219635	0.1230975016951561	0.7301422357559204
308	0.03044966794550419	0.12183352559804916	0.7264819145202637
309	0.030030127614736557	0.1218477189540863	0.7279471158981323
310	0.029169410467147827	0.12258180230855942	0.7309629321098328
311	0.030797278508543968	0.12071823328733444	0.7279039025306702
312	0.03026633709669113	0.12194295227527618	0.7227733135223389
313	0.029211197048425674	0.12200523912906647	0.7218480706214905
314	0.030201291665434837	0.12414250522851944	0.7224971652030945
315	0.030775833874940872	0.12271467596292496	0.7266168594360352
316	0.029865246266126633	0.1216861829161644	0.7302737236022949
317	0.031265322118997574	0.12293557822704315	0.7326557040214539
318	0.03089984878897667	0.12171658128499985	0.7320715188980103
319	0.029254857450723648	0.12056374549865723	0.7318248748779297
320	0.02982046641409397	0.11980072408914566	0.7322968244552612
321	0.030388982966542244	0.12063610553741455	0.7336277365684509
322	0.029206296429038048	0.12000469863414764	0.7359029650688171
323	0.029281580820679665	0.11978290230035782	0.7353550791740417
324	0.029547184705734253	0.1211271733045578	0.7365729808807373
325	0.030249884352087975	0.1257936656475067	0.7368180751800537
326	0.031248046085238457	0.12504561245441437	0.7328234314918518
327	0.030266156420111656	0.12194590270519257	0.7295352816581726
328	0.029323754832148552	0.12051334232091904	0.730778157711029
329	0.029771175235509872	0.1206011101603508	0.7327614426612854
330	0.030006984248757362	0.12075601518154144	0.7334306836128235
331	0.02863389067351818	0.11957100033760071	0.7316272258758545
332	0.028980912640690804	0.12107781320810318	0.7311636805534363
333	0.029285326600074768	0.1240614578127861	0.7298039197921753
334	0.029370034113526344	0.12236994504928589	0.7299157381057739
335	0.029491998255252838	0.11976014077663422	0.7327795028686523
336	0.030378954485058784	0.1191510558128357	0.7370569109916687
337	0.02861114591360092	0.1221369132399559	0.735889196395874
338	0.02969471924006939	0.12245380878448486	0.7299748659133911
339	0.02931831404566765	0.12407296895980835	0.7269644141197205
340	0.030003227293491364	0.12562766671180725	0.7279280424118042
341	0.02932067960500717	0.1255316436290741	0.7285921573638916
342	0.028669757768511772	0.12333904206752777	0.7244080901145935
343	0.030170688405632973	0.12400945276021957	0.7205936312675476
344	0.029720524325966835	0.12500342726707458	0.7233020067214966
345	0.029939336702227592	0.12482673674821854	0.7262913584709167
346	0.029585037380456924	0.12194136530160904	0.7288236618041992
347	0.028560755774378777	0.12108823657035828	0.7299866676330566
348	0.02975253388285637	0.12167536467313766	0.7312018871307373
349	0.03000473976135254	0.12333188205957413	0.7334662079811096
350	0.02865743637084961	0.12221929430961609	0.7301902174949646
351	0.028592392802238464	0.12059247493743896	0.7252734899520874
352	0.028946775943040848	0.12103915214538574	0.7270112633705139
353	0.028710201382637024	0.1226523295044899	0.7327666878700256
354	0.029456866905093193	0.12103455513715744	0.7294328212738037
355	0.028072206303477287	0.12201693654060364	0.7250949144363403
356	0.02870328538119793	0.12485475838184357	0.7254205942153931
357	0.02890186570584774	0.12204041332006454	0.730781614780426
358	0.028311075642704964	0.11901716887950897	0.7311791181564331
359	0.02893880568444729	0.11984240263700485	0.7303916215896606
360	0.028668638318777084	0.12107903510332108	0.7274600267410278
361	0.02736404351890087	0.12063927948474884	0.7279587984085083
362	0.02794811502099037	0.11962086707353592	0.7332653999328613
363	0.027011489495635033	0.11997266113758087	0.7366951704025269
364	0.028316311538219452	0.12000603973865509	0.7354385852813721
365	0.02818414755165577	0.12243691831827164	0.7317782640457153
366	0.028048623353242874	0.12100845575332642	0.7278618216514587
367	0.028096934780478477	0.12168179452419281	0.7272117137908936
368	0.02744276076555252	0.12093055248260498	0.7278949022293091
369	0.02846672385931015	0.1208372712135315	0.7292076945304871
370	0.02842874266207218	0.1194201409816742	0.7281423211097717
371	0.026101617142558098	0.11895927786827087	0.7301936745643616
372	0.028643159195780754	0.12066498398780823	0.7309850454330444
373	0.028495844453573227	0.12282082438468933	0.729706346988678
374	0.029156522825360298	0.12096035480499268	0.7269262075424194
375	0.028071045875549316	0.12134943157434464	0.724776566028595
376	0.028004035353660583	0.1237301379442215	0.7252287864685059
377	0.02840678207576275	0.1265089064836502	0.7221477627754211
378	0.028236212208867073	0.1240679994225502	0.7220869064331055
379	0.02826179750263691	0.12392092496156693	0.7234020829200745
380	0.029244983568787575	0.12480089068412781	0.7234199047088623
381	0.028369927778840065	0.12416858971118927	0.7228328585624695
382	0.02812863513827324	0.12306299805641174	0.7211304903030396
383	0.027948595583438873	0.12210102379322052	0.7245030999183655
384	0.028935642912983894	0.12175790220499039	0.7311915755271912
385	0.027523552998900414	0.12111654877662659	0.732328474521637
386	0.027961518615484238	0.12228832393884659	0.728646993637085
387	0.028806956484913826	0.12245217710733414	0.7253203392028809
388	0.027260595932602882	0.12173663079738617	0.7234610915184021
389	0.02823975309729576	0.12037059664726257	0.7279462814331055
390	0.02784428559243679	0.1202634796500206	0.7344106435775757
391	0.02695525251328945	0.11995107680559158	0.7344856262207031
392	0.02790658362209797	0.11972198635339737	0.7294514179229736
393	0.028050873428583145	0.12091363966464996	0.7256531715393066
394	0.027884194627404213	0.12146518379449844	0.7270258665084839
395	0.02724570967257023	0.12067261338233948	0.7288805842399597
396	0.028051694855093956	0.11876317858695984	0.7307495474815369
397	0.027653124183416367	0.12011921405792236	0.7306400537490845
398	0.02782810851931572	0.12271809577941895	0.725688099861145
399	0.02872278168797493	0.12339627742767334	0.7230894565582275
400	0.029659206047654152	0.12133922427892685	0.7249908447265625
401	0.027417924255132675	0.12021580338478088	0.7279037237167358
402	0.027735237032175064	0.12047147005796432	0.7234581112861633
403	0.02696370519697666	0.12223872542381287	0.7201265692710876
404	0.027649931609630585	0.12131547182798386	0.7207304239273071
405	0.028164798393845558	0.12013150006532669	0.7238568663597107
406	0.027505408972501755	0.12073683738708496	0.7266265153884888
407	0.027078839018940926	0.12172094732522964	0.7259389162063599
408	0.02721901796758175	0.12268588691949844	0.7234675288200378
409	0.027455097064375877	0.12152743339538574	0.7233311533927917
410	0.027117738500237465	0.12052515894174576	0.7282740473747253
411	0.026697587221860886	0.12104886025190353	0.72840416431427
412	0.027134299278259277	0.12200085073709488	0.7250548601150513
413	0.027921488508582115	0.12332946807146072	0.7217037081718445
414	0.02734185941517353	0.12308349460363388	0.7222177386283875
415	0.027471911162137985	0.12178267538547516	0.7253259420394897
416	0.027178404852747917	0.12064485996961594	0.7264468669891357
417	0.02710624597966671	0.12140944600105286	0.7291455864906311
418	0.027767473831772804	0.12361977249383926	0.7273627519607544
419	0.02699158526957035	0.12192945182323456	0.7243620753288269
420	0.02830386906862259	0.12238761782646179	0.7267131209373474
421	0.02723972499370575	0.12304222583770752	0.7303051352500916
422	0.028914134949445724	0.12088402360677719	0.729997992515564
423	0.02566215768456459	0.12033513188362122	0.7272076606750488
424	0.027453390881419182	0.12042200565338135	0.7269855737686157
425	0.026743251830339432	0.12219042330980301	0.7266440987586975
426	0.02689519338309765	0.12154962867498398	0.7255384922027588
427	0.026355018839240074	0.12105207145214081	0.7237194180488586
428	0.027262061834335327	0.12135610729455948	0.7255744934082031
429	0.02649666741490364	0.12564560770988464	0.7263315916061401
430	0.027164412662386894	0.12206803262233734	0.7282159328460693
431	0.02669508382678032	0.12026062607765198	0.7271032929420471
432	0.026897668838500977	0.12090989947319031	0.724769651889801
433	0.026844410225749016	0.12423186749219894	0.7247832417488098
434	0.027437269687652588	0.12253806740045547	0.7260703444480896
435	0.027580993250012398	0.11978856474161148	0.727811872959137
436	0.026422716677188873	0.1203572005033493	0.7267245054244995
437	0.02674184925854206	0.12213387340307236	0.7239817976951599
438	0.026049401611089706	0.12190774083137512	0.7210220694541931
439	0.02583686262369156	0.12157665938138962	0.7197025418281555
440	0.027013076469302177	0.12147895246744156	0.7228399515151978
441	0.0259851161390543	0.12150846421718597	0.7259287238121033
442	0.02598118968307972	0.12119001895189285	0.7276033163070679
443	0.02714165672659874	0.12151376157999039	0.7297700047492981
444	0.027213210240006447	0.12229379266500473	0.7343696355819702
445	0.026932762935757637	0.12182355672121048	0.7345107793807983
446	0.026134813204407692	0.12026925384998322	0.7318004369735718
447	0.02703099325299263	0.12036497890949249	0.7324250340461731
448	0.026202213019132614	0.12178858369588852	0.7356835007667542
449	0.026834173128008842	0.12081091850996017	0.736976683139801
450	0.02620789036154747	0.11957366019487381	0.7330594658851624
451	0.02782055176794529	0.12042874097824097	0.7331002354621887
452	0.0258182343095541	0.121501125395298	0.7351066470146179
453	0.026774326339364052	0.12097129225730896	0.7351044416427612
454	0.026489710435271263	0.12044800817966461	0.7312340140342712
455	0.02689695917069912	0.12201263755559921	0.7306230068206787
456	0.02605299837887287	0.12182418256998062	0.7305698394775391
457	0.02484465204179287	0.12151364982128143	0.7289834022521973
458	0.026960575953125954	0.12227056920528412	0.7287589907646179
459	0.025745708495378494	0.12323559820652008	0.7293799519538879
460	0.026275919750332832	0.12136134505271912	0.7299776077270508
461	0.02625385858118534	0.12199237942695618	0.7306007742881775
462	0.02631762996315956	0.12407789379358292	0.7283287644386292
463	0.026380782946944237	0.1230371966958046	0.7280625700950623
464	0.026001056656241417	0.1206439957022667	0.729027271270752
465	0.026848478242754936	0.12101880460977554	0.7316186428070068
466	0.024647217243909836	0.12235945463180542	0.7315883040428162
467	0.027499785646796227	0.12048491835594177	0.7320650815963745
468	0.026111792773008347	0.11916917562484741	0.7293373942375183
469	0.027257569134235382	0.12065732479095459	0.7288188338279724
470	0.025370193645358086	0.12284394353628159	0.7296924591064453
471	0.026440082117915154	0.12138065695762634	0.730837881565094
472	0.025086261332035065	0.1199488714337349	0.7293517589569092
473	0.027231590822339058	0.1201883926987648	0.7310905456542969
474	0.025313954800367355	0.12303189933300018	0.7298437356948853
475	0.026569850742816925	0.12114541232585907	0.7262721061706543
476	0.02604447305202484	0.11997334659099579	0.726463794708252
477	0.025705697014927864	0.12214937806129456	0.7291862368583679
478	0.026636166498064995	0.12472604960203171	0.7265671491622925
479	0.027316004037857056	0.12239468097686768	0.7243549227714539
480	0.025511708110570908	0.12045868486166	0.7267559170722961
481	0.026467956602573395	0.12101574242115021	0.7318150997161865
482	0.02537437528371811	0.12248590588569641	0.7346066236495972
483	0.026212278753519058	0.12133423238992691	0.7319859862327576
484	0.025804800912737846	0.12133429199457169	0.7280893921852112
485	0.02544880285859108	0.12280983477830887	0.7310922145843506
486	0.02496674470603466	0.12429598718881607	0.7320197820663452
487	0.02644757740199566	0.1223103404045105	0.7309310436248779
488	0.02495109662413597	0.12036731839179993	0.7298745512962341
489	0.025989023968577385	0.12090178579092026	0.7286539673805237
490	0.025236666202545166	0.12184435874223709	0.7300307154655457
491	0.02669205330312252	0.12100519239902496	0.7336404919624329
492	0.025087174028158188	0.12138283252716064	0.7318737506866455
493	0.025776036083698273	0.12143537402153015	0.7313956022262573
494	0.02731127291917801	0.12215722352266312	0.7284550070762634
495	0.02601468190550804	0.12363278120756149	0.7278261184692383
496	0.0264199897646904	0.12266241014003754	0.7318938970565796
497	0.02590066008269787	0.1202850267291069	0.7340481877326965
498	0.02611088939011097	0.11987227201461792	0.7327269315719604
499	0.0252019502222538	0.12177416682243347	0.7292683124542236
500	0.025914527475833893	0.12167904525995255	0.7289699912071228
501	0.02722761407494545	0.11901021748781204	0.7340939044952393
502	0.025198714807629585	0.11782269924879074	0.7391646504402161
503	0.027267856523394585	0.12000347673892975	0.7377932071685791
504	0.02643139660358429	0.1228962168097496	0.7333493828773499
505	0.027441784739494324	0.12320604920387268	0.7267754673957825
506	0.026621859520673752	0.12279774248600006	0.7238394618034363
507	0.025797368958592415	0.12266013771295547	0.727614164352417
508	0.02626996673643589	0.12164776772260666	0.731376588344574
509	0.026120979338884354	0.11963051557540894	0.7285332679748535
510	0.026073893532156944	0.1205381378531456	0.7241678237915039
511	0.026593612506985664	0.12459297478199005	0.7230026721954346
512	0.02588929980993271	0.12630803883075714	0.725770890712738
513	0.028231147676706314	0.12140051275491714	0.7312526702880859
514	0.024147307500243187	0.11965858936309814	0.7319427728652954
515	0.02793749049305916	0.12132430821657181	0.7342725396156311
516	0.025852341204881668	0.12461677938699722	0.7349407076835632
517	0.02664589323103428	0.12267933040857315	0.7291823029518127
518	0.024869835004210472	0.12022729218006134	0.7219268679618835
519	0.02773177996277809	0.11965581029653549	0.72697913646698
520	0.025287482887506485	0.12272026389837265	0.7326472401618958
521	0.027251988649368286	0.12265060096979141	0.7340893149375916
522	0.026493879035115242	0.1199948862195015	0.7304624915122986
523	0.02466236613690853	0.1216420829296112	0.7249562740325928
524	0.02673417143523693	0.12318260222673416	0.7275888323783875
525	0.025448378175497055	0.12324991822242737	0.7324258685112
526	0.027048707008361816	0.12013552337884903	0.7306181788444519
527	0.025093458592891693	0.11956173926591873	0.7269667387008667
528	0.026968540623784065	0.1204010620713234	0.7277469038963318
529	0.025885365903377533	0.12399159371852875	0.7270561456680298
530	0.02723916433751583	0.12458216398954391	0.7266262173652649
531	0.02572113461792469	0.12285508215427399	0.7263777256011963
532	0.025345275178551674	0.12251713126897812	0.726378321647644
533	0.026381921023130417	0.12241167575120926	0.731732189655304
534	0.025675106793642044	0.12227804958820343	0.7348519563674927
535	0.02643374167382717	0.12037088721990585	0.731454074382782
536	0.024832220748066902	0.11838268488645554	0.7302054762840271
537	0.026121949777007103	0.1182096004486084	0.7300406694412231
538	0.026013532653450966	0.1189303919672966	0.7335721850395203
539	0.02567547746002674	0.1194562315940857	0.7372273802757263
540	0.025135410949587822	0.11990699917078018	0.7378329634666443
541	0.02522006444633007	0.11942005902528763	0.7351365089416504
542	0.024974476546049118	0.12017996609210968	0.7353982329368591
543	0.024662356823682785	0.12174182385206223	0.7357091903686523
544	0.026170967146754265	0.12093957513570786	0.7333950400352478
545	0.02361116372048855	0.11970362067222595	0.7318187952041626
546	0.025202102959156036	0.12006376683712006	0.7340636849403381
547	0.024129239842295647	0.12056045979261398	0.737108051776886
548	0.02467050589621067	0.12077206373214722	0.738559901714325
549	0.024438008666038513	0.12103348225355148	0.7350913882255554
550	0.023392487317323685	0.12132876366376877	0.7333555221557617
551	0.02496105246245861	0.12099335342645645	0.7308717370033264
552	0.024537669494748116	0.12076743692159653	0.7301404476165771
553	0.025386681780219078	0.12221716344356537	0.7316026091575623
554	0.02500956319272518	0.12241661548614502	0.730599045753479
555	0.025737691670656204	0.12250173091888428	0.7272171378135681
556	0.025192169472575188	0.12130894511938095	0.7263399362564087
557	0.024656256660819054	0.12136414647102356	0.7272452116012573
558	0.025098172947764397	0.12161741405725479	0.7298718094825745
559	0.025392837822437286	0.1218087300658226	0.7304031848907471
560	0.02380613051354885	0.12223788350820541	0.7315439581871033
561	0.026217004284262657	0.1224948987364769	0.731955885887146
562	0.02523849718272686	0.12295527756214142	0.7313753962516785
563	0.023263517767190933	0.12227147072553635	0.7294930815696716
564	0.02629217877984047	0.12047981470823288	0.7299161553382874
565	0.024130769073963165	0.12026454508304596	0.7310124635696411
566	0.02382327802479267	0.1214660257101059	0.7327143549919128
567	0.024706076830625534	0.12173077464103699	0.7331517338752747
568	0.02414136752486229	0.11991363018751144	0.7352491021156311
569	0.024685539305210114	0.119178906083107	0.7340819835662842
570	0.023737698793411255	0.12013392895460129	0.7327787280082703
571	0.02438741736114025	0.12139476835727692	0.7332901358604431
572	0.023801540955901146	0.12193858623504639	0.7352697849273682
573	0.02407064102590084	0.12121348083019257	0.7356313467025757
574	0.024290112778544426	0.12093871831893921	0.7326557636260986
575	0.025226470082998276	0.12268025428056717	0.7282438278198242
576	0.02531622350215912	0.12362007796764374	0.7298381328582764
577	0.024671239778399467	0.12154100835323334	0.7329906225204468
578	0.023718591779470444	0.11976742744445801	0.7318957448005676
579	0.0235587190836668	0.11968041211366653	0.7277791500091553
580	0.025613360106945038	0.12133237719535828	0.7257412075996399
581	0.024154407903552055	0.12185432016849518	0.7268938422203064
582	0.023435676470398903	0.12154565751552582	0.73219895362854
583	0.02395986206829548	0.12034358829259872	0.7366747856140137
584	0.02496390976011753	0.11973756551742554	0.733303964138031
585	0.024456877261400223	0.12012267112731934	0.7297378778457642
586	0.026315506547689438	0.12095445394515991	0.7332751154899597
587	0.024802571162581444	0.12262848019599915	0.7381493449211121
588	0.025058049708604813	0.12120651453733444	0.7379976511001587
589	0.023159556090831757	0.12047257274389267	0.7319722771644592
590	0.023657524958252907	0.12161162495613098	0.7269436120986938
591	0.024166077375411987	0.12255273759365082	0.7265561819076538
592	0.023488864302635193	0.12148483842611313	0.7292906641960144
593	0.024777716025710106	0.12107206135988235	0.7290626764297485
594	0.02401214838027954	0.12172164022922516	0.7263909578323364
595	0.023591971024870872	0.12317166477441788	0.7245273590087891
596	0.025079580023884773	0.12314901500940323	0.7288252115249634
597	0.024324975907802582	0.12301202118396759	0.732092022895813
598	0.025043625384569168	0.12187735736370087	0.7310993671417236
599	0.023973939940333366	0.12131596356630325	0.7264015078544617
600	0.02462102100253105	0.12125381082296371	0.7278199791908264
601	0.024221468716859818	0.12241564691066742	0.7318093776702881
602	0.02436934784054756	0.12232600152492523	0.7315861582756042
603	0.024143079295754433	0.12214425206184387	0.7310802936553955
604	0.023641830310225487	0.12287846952676773	0.7295607924461365
605	0.02393842115998268	0.1234130710363388	0.7282055616378784
606	0.023586010560393333	0.12241442501544952	0.7264719009399414
607	0.023188767954707146	0.12175694108009338	0.7249352335929871
608	0.024569466710090637	0.12137039750814438	0.7233607172966003
609	0.024074602872133255	0.12146160006523132	0.7240174412727356
610	0.024466948583722115	0.12207160145044327	0.7249974012374878
611	0.024789106100797653	0.12203610688447952	0.7261260151863098
612	0.024157684296369553	0.12245835363864899	0.7261992692947388
613	0.023508742451667786	0.1230967789888382	0.7265597581863403
614	0.023923583328723907	0.12278401106595993	0.7278937101364136
615	0.0231364406645298	0.12163985520601273	0.7289044857025146
616	0.023609206080436707	0.12169550359249115	0.7304570078849792
617	0.024258403107523918	0.12164955586194992	0.7318117022514343
618	0.024281058460474014	0.12073159217834473	0.7337750792503357
619	0.024492332711815834	0.12015712261199951	0.7325183749198914
620	0.023789556697010994	0.12082386761903763	0.7336108684539795
621	0.02408653497695923	0.1208428144454956	0.7325473427772522
622	0.02471645548939705	0.12057078629732132	0.7334232330322266
623	0.023820793256163597	0.12037664651870728	0.7356687188148499
624	0.02340010739862919	0.119123674929142	0.7379574179649353
625	0.024730782955884933	0.12015727162361145	0.7359494566917419
626	0.02445286139845848	0.12153448164463043	0.7287380695343018
627	0.023480255156755447	0.12135876715183258	0.7257711291313171
628	0.02400309219956398	0.12084263563156128	0.7292360067367554
629	0.023913785815238953	0.11939890682697296	0.7339208126068115
630	0.023360323160886765	0.11936230957508087	0.7360357642173767
631	0.023700809106230736	0.1198342889547348	0.7341845631599426
632	0.023988187313079834	0.12094568461179733	0.7302924990653992
633	0.025283435359597206	0.12032771855592728	0.730919361114502
634	0.023781826719641685	0.12003125250339508	0.7327123880386353
635	0.023897739127278328	0.12074198573827744	0.734215259552002
636	0.02413319982588291	0.12193688005208969	0.7325903177261353
637	0.023155948147177696	0.12157055735588074	0.7268709540367126
638	0.02445911429822445	0.12149926275014877	0.7247101664543152
639	0.023325324058532715	0.12131544947624207	0.7295122146606445
640	0.02516387775540352	0.12237296253442764	0.7327986359596252
641	0.02595924772322178	0.12108294665813446	0.7284480333328247
642	0.02365243062376976	0.12057853490114212	0.7209683060646057
643	0.025767603889107704	0.12211721390485764	0.7207129001617432
644	0.0260308925062418	0.12152386456727982	0.7289248108863831
645	0.02369830384850502	0.12114956974983215	0.7349571585655212
646	0.024721989408135414	0.12071951478719711	0.7344496846199036
647	0.024644959717988968	0.12124915421009064	0.7295099496841431
648	0.024559935554862022	0.12325353920459747	0.7257871627807617
649	0.024778073653578758	0.12323439121246338	0.7268884181976318
650	0.023839667439460754	0.1211465448141098	0.7301466464996338
651	0.024051088839769363	0.11852193623781204	0.732292890548706
652	0.024556972086429596	0.11905104666948318	0.732532799243927
653	0.02393539436161518	0.12219282984733582	0.7293124794960022
654	0.025528477504849434	0.12235864251852036	0.726638913154602
655	0.024706361815333366	0.12112198024988174	0.7258025407791138
656	0.022800201550126076	0.12194568663835526	0.7293573617935181
657	0.024226561188697815	0.12137265503406525	0.7327565550804138
658	0.025313587859272957	0.12036322057247162	0.7313665151596069
659	0.023467853665351868	0.12128953635692596	0.7269311547279358
660	0.024122081696987152	0.12401394546031952	0.726062536239624
661	0.023990502581000328	0.12184835970401764	0.7323481440544128
662	0.02376466616988182	0.11875753104686737	0.736687958240509
663	0.02392643317580223	0.11907792091369629	0.7389470338821411
664	0.02414734661579132	0.12070749700069427	0.7372621297836304
665	0.0244488175958395	0.12088041007518768	0.7304084300994873
666	0.02361319214105606	0.12085732072591782	0.729766309261322
667	0.024998968467116356	0.12131411582231522	0.7342544198036194
668	0.023289084434509277	0.12167548388242722	0.7390367984771729
669	0.024323968216776848	0.11941515654325485	0.7399212718009949
670	0.024694375693798065	0.11875463277101517	0.735090970993042
671	0.024171244353055954	0.1205815002322197	0.7283666133880615
672	0.024409305304288864	0.12261848151683807	0.7284672856330872
673	0.02429068461060524	0.12228456884622574	0.7314488291740417
674	0.02343508042395115	0.120551198720932	0.7325485348701477
675	0.024197660386562347	0.12114831060171127	0.7325213551521301
676	0.023351917043328285	0.1240978017449379	0.7305859923362732
677	0.02480810135602951	0.12311094254255295	0.7265797853469849
678	0.02347617782652378	0.12113368511199951	0.7239224910736084
679	0.024138430133461952	0.12050062417984009	0.728026270866394
680	0.02378099225461483	0.12138460576534271	0.7342004776000977
681	0.02421392872929573	0.12013950198888779	0.7354873418807983
682	0.022775450721383095	0.12051310390233994	0.733738124370575
683	0.02419111505150795	0.12130472809076309	0.7328934669494629
684	0.023526575416326523	0.12141937762498856	0.7334039807319641
685	0.022985657677054405	0.12007549405097961	0.7345178723335266
686	0.024272195994853973	0.11953629553318024	0.7345567345619202
687	0.023198993876576424	0.1197151243686676	0.7301863431930542
688	0.024015432223677635	0.12104050070047379	0.7291260957717896
689	0.023015687242150307	0.12313342094421387	0.7313880324363708
690	0.023216890171170235	0.12223459035158157	0.7330148220062256
691	0.023193318396806717	0.12115521728992462	0.7352102994918823
692	0.023664230480790138	0.1212744489312172	0.7361187934875488
693	0.022936007007956505	0.12191543728113174	0.73631352186203
694	0.02376760169863701	0.12120901048183441	0.7324852347373962
695	0.02299720235168934	0.12101742625236511	0.7288113236427307
696	0.023962583392858505	0.12177488207817078	0.7263063192367554
697	0.024039065465331078	0.12116154283285141	0.73101806640625
698	0.02382615953683853	0.12041712552309036	0.7347322106361389
699	0.023192141205072403	0.1194649338722229	0.7334295511245728
700	0.022870348766446114	0.12010258436203003	0.7294643521308899
701	0.023295016959309578	0.12115007638931274	0.7257513999938965
702	0.02490272745490074	0.1213344931602478	0.7268575429916382
703	0.02400897443294525	0.1205342635512352	0.7295183539390564
704	0.02300337329506874	0.12036003917455673	0.7293877601623535
705	0.02324567548930645	0.12127785384654999	0.727837324142456
706	0.02494409680366516	0.12187038362026215	0.7275649309158325
707	0.022896545007824898	0.1222853884100914	0.7315976619720459
708	0.022408872842788696	0.12188517302274704	0.7325668931007385
709	0.023102637380361557	0.12127386778593063	0.7336949706077576
710	0.023592548444867134	0.12129344791173935	0.7350247502326965
711	0.023151475936174393	0.12075936049222946	0.7338840961456299
712	0.022963734343647957	0.1201338991522789	0.7323023676872253
713	0.024201225489377975	0.12167331576347351	0.7324041128158569
714	0.023521438241004944	0.1234951838850975	0.733453631401062
715	0.023700136691331863	0.12161069363355637	0.7322059273719788
716	0.022968625649809837	0.12014339119195938	0.7301464080810547
717	0.022452862933278084	0.12049765884876251	0.7336596250534058
718	0.021746497601270676	0.1216941550374031	0.7344282269477844
719	0.02310425601899624	0.12082325667142868	0.7317671179771423
720	0.022614875808358192	0.11924126744270325	0.7314056754112244
721	0.022168627008795738	0.12021271139383316	0.7334655523300171
722	0.02247312292456627	0.12099181115627289	0.7358376979827881
723	0.02229660004377365	0.1201259046792984	0.7371267080307007
724	0.022405490279197693	0.11970101296901703	0.7369547486305237
725	0.023327382281422615	0.11911296099424362	0.7345322370529175
726	0.023807136341929436	0.11983752250671387	0.7330552339553833
727	0.02276746928691864	0.12090924382209778	0.7295706272125244
728	0.022630812600255013	0.12140478193759918	0.7267462015151978
729	0.023746291175484657	0.12136203795671463	0.7277172803878784
730	0.022338073700666428	0.12065838277339935	0.7311863899230957
731	0.02313021756708622	0.12074699252843857	0.7328051328659058
732	0.023349996656179428	0.12092768400907516	0.7304935455322266
733	0.022892171517014503	0.12137353420257568	0.7273778915405273
734	0.022981993854045868	0.12085127085447311	0.7287992835044861
735	0.022671042010188103	0.12095116078853607	0.7317389249801636
736	0.022435076534748077	0.12193174660205841	0.7345733046531677
737	0.023113064467906952	0.12058455497026443	0.7356795072555542
738	0.021204866468906403	0.1199767142534256	0.7338545918464661
739	0.022291451692581177	0.1209525540471077	0.7328693270683289
740	0.02369217574596405	0.1208765059709549	0.7329427003860474
741	0.022614965215325356	0.12066296488046646	0.7331002354621887
742	0.020974107086658478	0.12059572339057922	0.7345702052116394
743	0.022694306448101997	0.12075172364711761	0.7344226241111755
744	0.02329849824309349	0.12155108898878098	0.7339931726455688
745	0.022555086761713028	0.12117234617471695	0.7306427955627441
746	0.022677939385175705	0.12140629440546036	0.7276402711868286
747	0.022542227059602737	0.12102631479501724	0.7303268313407898
748	0.023163143545389175	0.1199456974864006	0.7343929409980774
749	0.02246519736945629	0.11968351155519485	0.7396470904350281
750	0.022892946377396584	0.12087049335241318	0.740077555179596
751	0.02255902625620365	0.12215795367956161	0.738613486289978
752	0.022768979892134666	0.12149643898010254	0.7363756895065308
753	0.02299429662525654	0.12031406164169312	0.7341917157173157
754	0.02187829278409481	0.12097015976905823	0.734709620475769
755	0.02290084958076477	0.12046267092227936	0.7332195043563843
756	0.022571416571736336	0.11982780694961548	0.7312079668045044
757	0.022492965683341026	0.12129013985395432	0.7300799489021301
758	0.02262706309556961	0.12202730029821396	0.7310063242912292
759	0.023958755657076836	0.12132060527801514	0.7346982955932617
760	0.022029927000403404	0.12092024832963943	0.7371521592140198
761	0.02248052880167961	0.12064971774816513	0.7357429265975952
762	0.023030033335089684	0.12056072801351547	0.7332379221916199
763	0.02237834595143795	0.12095814198255539	0.7308217287063599
764	0.02282651886343956	0.12032214552164078	0.7331127524375916
765	0.021281130611896515	0.12046705186367035	0.7356020212173462
766	0.02184625342488289	0.12039028108119965	0.7368915677070618
767	0.022989243268966675	0.12016734480857849	0.7360150814056396
768	0.022286418825387955	0.120824433863163	0.734006941318512
769	0.023550795391201973	0.12220726907253265	0.7331283092498779
770	0.022580308839678764	0.12404285371303558	0.7325769662857056
771	0.0228800717741251	0.12223909795284271	0.7322173118591309
772	0.023443439975380898	0.1205308586359024	0.7326309084892273
773	0.02342825010418892	0.12105753272771835	0.7329328656196594
774	0.0230298712849617	0.1217849925160408	0.733059823513031
775	0.023380190134048462	0.121216781437397	0.7337022423744202
776	0.022874588146805763	0.12180348485708237	0.7365549802780151
777	0.022905271500349045	0.12282560020685196	0.7395034432411194
778	0.023222584277391434	0.12116902321577072	0.7402936220169067
779	0.021203728392720222	0.11982788890600204	0.7393218278884888
780	0.022811517119407654	0.11981474608182907	0.7374390363693237
781	0.02304389514029026	0.11975016444921494	0.7342690229415894
782	0.02234407141804695	0.12088514864444733	0.7345898151397705
783	0.02236722595989704	0.12156388908624649	0.7349457740783691
784	0.022665061056613922	0.12057962268590927	0.7346525192260742
785	0.021677276119589806	0.12040659785270691	0.7346742749214172
786	0.021953647956252098	0.1218966618180275	0.7339915633201599
787	0.02161046490073204	0.1226697489619255	0.7309144139289856
788	0.021802885457873344	0.12178873270750046	0.7275393605232239
789	0.022430818527936935	0.12089753895998001	0.7267702221870422
790	0.02242826670408249	0.12066242098808289	0.7301812767982483
791	0.023157157003879547	0.12109237164258957	0.7334724068641663
792	0.022406766191124916	0.12189721316099167	0.733756422996521
793	0.02282170206308365	0.12256480753421783	0.7325717806816101
794	0.023137342184782028	0.12290878593921661	0.7318630814552307
795	0.02245088294148445	0.12102215737104416	0.7311696410179138
796	0.023247193545103073	0.12053347378969193	0.7319477796554565
797	0.02268451824784279	0.12078389525413513	0.732782244682312
798	0.022263629361987114	0.1210661232471466	0.7326251864433289
799	0.02224474586546421	0.12218424677848816	0.7295100092887878
800	0.023087942972779274	0.12284691631793976	0.7318837642669678
801	0.022388853132724762	0.12180128693580627	0.7346720099449158
802	0.02232052944600582	0.12065304815769196	0.7353202104568481
803	0.022364668548107147	0.12107506394386292	0.7321832776069641
804	0.02327302098274231	0.12202645093202591	0.7305215001106262
805	0.023759160190820694	0.12230414152145386	0.7303786277770996
806	0.02261435240507126	0.121074378490448	0.7293055057525635
807	0.022940712049603462	0.12026195228099823	0.729108452796936
808	0.02329808659851551	0.12140030413866043	0.7324622869491577
809	0.02306191623210907	0.12357446551322937	0.7342590689659119
810	0.022718429565429688	0.12293285131454468	0.7346734404563904
811	0.022390244528651237	0.12156751751899719	0.7325628995895386
812	0.0220975112169981	0.12178530544042587	0.7330882549285889
813	0.02194550447165966	0.12282741069793701	0.7331231236457825
814	0.022292109206318855	0.12239619344472885	0.7314100861549377
815	0.02155308611690998	0.12179430574178696	0.7320025563240051
816	0.02258356660604477	0.12180434167385101	0.7324212193489075
817	0.022191405296325684	0.12195225059986115	0.7325280904769897
818	0.021412018686532974	0.12129954248666763	0.7334190607070923
819	0.02160416729748249	0.1211705133318901	0.733504056930542
820	0.02110615000128746	0.1211446225643158	0.7335200905799866
821	0.021719135344028473	0.12221940606832504	0.7350990176200867
822	0.023546786978840828	0.12193073332309723	0.7352323532104492
823	0.02304234355688095	0.12061549723148346	0.7330387830734253
824	0.02228998951613903	0.12073064595460892	0.7330865263938904
825	0.022254817187786102	0.1235218495130539	0.7331216335296631
826	0.022453997284173965	0.12270473688840866	0.7320112586021423
827	0.022406255826354027	0.12084286659955978	0.7295284867286682
828	0.022741911932826042	0.12131362408399582	0.7323614358901978
829	0.022447964176535606	0.12258778512477875	0.73508620262146
830	0.021748172119259834	0.1226920485496521	0.7342553734779358
831	0.021892504766583443	0.12203399091959	0.7300736904144287
832	0.022833606228232384	0.12104466557502747	0.7312719225883484
833	0.022643553093075752	0.12190733850002289	0.7333610653877258
834	0.02262548729777336	0.12436077743768692	0.7341815829277039
835	0.023038644343614578	0.12268857657909393	0.7320110201835632
836	0.02099761925637722	0.12243907898664474	0.7310168743133545
837	0.02186064049601555	0.12297544628381729	0.7315121293067932
838	0.021896669641137123	0.12241973727941513	0.7285737991333008
839	0.021799715235829353	0.12113689631223679	0.7268223762512207
840	0.02202938124537468	0.12179255485534668	0.7283939123153687
841	0.02226274274289608	0.12277978658676147	0.7299702763557434
842	0.02166684716939926	0.12295129895210266	0.7309916615486145
843	0.02130245231091976	0.12197987735271454	0.7323813438415527
844	0.02189246192574501	0.12125607579946518	0.7331141233444214
845	0.022044800221920013	0.12162397056818008	0.7336990237236023
846	0.020861627534031868	0.12170030921697617	0.7322186231613159
847	0.021176811307668686	0.12133010476827621	0.7294825315475464
848	0.02135630138218403	0.12148287147283554	0.7273757457733154
849	0.02180495671927929	0.12168366461992264	0.7292178869247437
850	0.02193356119096279	0.1203005462884903	0.7321973443031311
851	0.02188483625650406	0.12080587446689606	0.7327806353569031
852	0.021889537572860718	0.12371130287647247	0.7328952550888062
853	0.0219848845154047	0.12242352962493896	0.7314818501472473
854	0.022800294682383537	0.12061310559511185	0.7296159863471985
855	0.0224574264138937	0.12060747295618057	0.7338727116584778
856	0.022471044212579727	0.12127749621868134	0.7363498210906982
857	0.02322806976735592	0.12107868492603302	0.7348951697349548
858	0.02232726477086544	0.11930233985185623	0.7320964336395264
859	0.022991474717855453	0.12033350020647049	0.7308945059776306
860	0.02251558005809784	0.12216298282146454	0.7322384715080261
861	0.02159062586724758	0.12397488206624985	0.7337992191314697
862	0.022835589945316315	0.12181475758552551	0.7350757122039795
863	0.02161945030093193	0.12063828855752945	0.7336388230323792
864	0.021895965561270714	0.12192729115486145	0.7339059114456177
865	0.021993987262248993	0.12354972958564758	0.734384298324585
866	0.023479269817471504	0.12268652766942978	0.7347761988639832
867	0.022518355399370193	0.1210532858967781	0.7316146492958069
868	0.022384051233530045	0.1210642084479332	0.7299574613571167
869	0.02238071709871292	0.12319792807102203	0.729842483997345
870	0.02290455624461174	0.12327896058559418	0.7298145294189453
871	0.021499859169125557	0.12210191786289215	0.7303163409233093
872	0.02245824784040451	0.12217079102993011	0.7328178286552429
873	0.02241464890539646	0.12215930968523026	0.7347862124443054
874	0.022922690957784653	0.12346868216991425	0.7347283959388733
875	0.02182679809629917	0.12305048853158951	0.7322906255722046
876	0.02211112342774868	0.1212826669216156	0.7278640866279602
877	0.022084934636950493	0.12116437405347824	0.7270350456237793
878	0.022323202341794968	0.12264953553676605	0.7295408844947815
879	0.022778144106268883	0.12228438258171082	0.7311691045761108
880	0.021541275084018707	0.12086845934391022	0.731248140335083
881	0.02203766442835331	0.12191197276115417	0.7325887680053711
882	0.021063964813947678	0.12271199375391006	0.7328798770904541
883	0.021923573687672615	0.12196103483438492	0.7320321798324585
884	0.02141694910824299	0.12042660266160965	0.7303964495658875
885	0.021678194403648376	0.12070029973983765	0.7304166555404663
886	0.021831480786204338	0.12180092930793762	0.7299976348876953
887	0.022243700921535492	0.12202045321464539	0.7287076711654663
888	0.022733131423592567	0.1222248300909996	0.7274163961410522
889	0.022038428112864494	0.1225493922829628	0.7303425669670105
890	0.021733617410063744	0.12401992827653885	0.7332287430763245
891	0.02279249019920826	0.12378833442926407	0.7332631349563599
892	0.02257099375128746	0.1217544823884964	0.7310807108879089
893	0.021536262705922127	0.12031508982181549	0.7303583025932312
894	0.022487083449959755	0.12163972109556198	0.7312998175621033
895	0.022614656016230583	0.1222384050488472	0.7308212518692017
896	0.022324834018945694	0.12221089005470276	0.7287086844444275
897	0.021642545238137245	0.12215576320886612	0.7287129163742065
898	0.022300750017166138	0.12191928923130035	0.7301152348518372
899	0.02195126935839653	0.12297280877828598	0.7302553653717041
900	0.021263012662529945	0.12446826696395874	0.7267467379570007
901	0.022350113838911057	0.12360163033008575	0.7246761322021484
902	0.021030057221651077	0.12309740483760834	0.7262430787086487
903	0.02220296673476696	0.12177975475788116	0.7276999354362488
904	0.022548381239175797	0.12163019925355911	0.7288479208946228
905	0.022356167435646057	0.12145626544952393	0.7270826697349548
906	0.02190021611750126	0.12218577414751053	0.7246138453483582
907	0.02261631190776825	0.12326637655496597	0.725905179977417
908	0.02162674441933632	0.12337436527013779	0.730822741985321
909	0.021974440664052963	0.12185107171535492	0.7321264743804932
910	0.021453432738780975	0.12157457321882248	0.7301801443099976
911	0.022486204281449318	0.12171097099781036	0.7286224961280823
912	0.022605914622545242	0.12217563390731812	0.7286872267723083
913	0.020455457270145416	0.12320900708436966	0.7285690307617188
914	0.02155480720102787	0.12364069372415543	0.729076623916626
915	0.021498892456293106	0.12220868468284607	0.7303662300109863
916	0.021823210641741753	0.12082085013389587	0.7308733463287354
917	0.020780595019459724	0.121456079185009	0.7321307063102722
918	0.021498478949069977	0.12166428565979004	0.732093334197998
919	0.02121131122112274	0.12195856869220734	0.7334652543067932
920	0.022295566275715828	0.12340453267097473	0.733546257019043
921	0.021540503948926926	0.12167742103338242	0.7345993518829346
922	0.02090359292924404	0.12018825113773346	0.7334892153739929
923	0.022478461265563965	0.12181684374809265	0.7312855124473572
924	0.02140136994421482	0.12243601679801941	0.7290037870407104
925	0.02233845926821232	0.12185123562812805	0.7299892902374268
926	0.020587876439094543	0.12141872942447662	0.7327149510383606
927	0.02204480953514576	0.12124330550432205	0.7350980043411255
928	0.022787408903241158	0.12160501629114151	0.7342456579208374
929	0.02229125238955021	0.12105463445186615	0.7310606837272644
930	0.02086969092488289	0.12149100750684738	0.7307707071304321
931	0.022416118532419205	0.1214139387011528	0.734026312828064
932	0.020811574533581734	0.12092322111129761	0.7365586161613464
933	0.021960275247693062	0.12122455984354019	0.7366431951522827
934	0.02157745137810707	0.12136013060808182	0.7335280776023865
935	0.021180229261517525	0.12042956799268723	0.7312356233596802
936	0.02267340198159218	0.11934756487607956	0.7337945103645325
937	0.021245678886771202	0.11971340328454971	0.7365466356277466
938	0.022032231092453003	0.12085873633623123	0.7376495599746704
939	0.021784434095025063	0.12189794331789017	0.7362326383590698
940	0.021587232127785683	0.12121038138866425	0.7366858720779419
941	0.022335711866617203	0.12041113525629044	0.7370045781135559
942	0.022069176658988	0.1199907436966896	0.7381994128227234
943	0.021341636776924133	0.12072961032390594	0.7365466952323914
944	0.020730597898364067	0.12085839360952377	0.7318804860115051
945	0.02128717117011547	0.12029311805963516	0.7282090187072754
946	0.021326355636119843	0.12096477299928665	0.7298482656478882
947	0.021386798471212387	0.12307107448577881	0.7325348854064941
948	0.020557137206196785	0.12129677832126617	0.7336156964302063
949	0.021160278469324112	0.12012951821088791	0.7335724234580994
950	0.02135256864130497	0.12066574394702911	0.7321145534515381
951	0.02072039805352688	0.12177029252052307	0.7322067618370056
952	0.02115093171596527	0.1213521659374237	0.7294867634773254
953	0.021656718105077744	0.12057553231716156	0.7285128235816956
954	0.022320829331874847	0.12200218439102173	0.730377733707428
955	0.021199529990553856	0.12339457869529724	0.7294158339500427
956	0.022887898609042168	0.12185038626194	0.7273141145706177
957	0.021342642605304718	0.12022020667791367	0.7264717817306519
958	0.02305682562291622	0.1207149401307106	0.7303847670555115
959	0.021872084587812424	0.12334635108709335	0.7290959358215332
960	0.02314690314233303	0.1217106431722641	0.7252142429351807
961	0.020681673660874367	0.12153276056051254	0.7194695472717285
962	0.022986769676208496	0.12136194854974747	0.7223378419876099
963	0.02282288856804371	0.12324462831020355	0.7292802333831787
964	0.021783221513032913	0.12308193743228912	0.7324203252792358
965	0.02369559183716774	0.11928592622280121	0.730663001537323
966	0.02202547900378704	0.1189948096871376	0.7281400561332703
967	0.021805252879858017	0.12044508010149002	0.7306258678436279
968	0.021727122366428375	0.12182159721851349	0.7332025766372681
969	0.022868745028972626	0.11963655799627304	0.7345288991928101
970	0.021339140832424164	0.11937060207128525	0.7336769700050354
971	0.021410228684544563	0.12046482414007187	0.7331082820892334
972	0.021183861419558525	0.12246332317590714	0.732845664024353
973	0.0219353586435318	0.12112578749656677	0.7309049963951111
974	0.020743535831570625	0.11955390870571136	0.7291467189788818
975	0.02133411355316639	0.12020811438560486	0.7292169332504272
976	0.020031508058309555	0.12171090394258499	0.730229377746582
977	0.021618453785777092	0.1216939315199852	0.7310923337936401
978	0.021721718832850456	0.12019503116607666	0.7309605479240417
979	0.020719898864626884	0.12028513103723526	0.7326626181602478
980	0.021860895678400993	0.12151800841093063	0.734246015548706
981	0.021230148151516914	0.1214020699262619	0.7365889549255371
982	0.020819805562496185	0.1205165758728981	0.7373995780944824
983	0.020718753337860107	0.11988554149866104	0.7359363436698914
984	0.02157687582075596	0.11948712915182114	0.7341659069061279
985	0.021319901570677757	0.11987897753715515	0.7345925569534302
986	0.020822184160351753	0.12022174149751663	0.7368485331535339
987	0.02122078463435173	0.12021168321371078	0.7377826571464539
988	0.020596753805875778	0.11925839632749557	0.7371559739112854
989	0.021105708554387093	0.1201876774430275	0.7354382872581482
990	0.021030636504292488	0.12170492857694626	0.7312871813774109
991	0.021197056397795677	0.12199319899082184	0.7300135493278503
992	0.023378662765026093	0.119939886033535	0.7341938614845276
993	0.021255740895867348	0.12034744769334793	0.7391774654388428
994	0.021204350516200066	0.12152106314897537	0.7375218272209167
995	0.021461287513375282	0.12012816965579987	0.7358753681182861
996	0.021911224350333214	0.11858978122472763	0.7350680232048035
997	0.02145400643348694	0.11935008317232132	0.7358188033103943
998	0.020888065919280052	0.12034833431243896	0.7365078926086426
999	0.021201780065894127	0.12213484197854996	0.7362490296363831
1000	0.021782293915748596	0.12217335402965546	0.7357351779937744
1001	0.021868987008929253	0.1209835410118103	0.7377306818962097
1002	0.02131117694079876	0.12072485685348511	0.7393925786018372
1003	0.02123912237584591	0.12062101066112518	0.7374984622001648
1004	0.022010335698723793	0.11971909552812576	0.7341412901878357
1005	0.022000951692461967	0.11975010484457016	0.7306439280509949
1006	0.020599665120244026	0.12031840533018112	0.7316186428070068
1007	0.02239750325679779	0.12032487988471985	0.7365388870239258
1008	0.02129838988184929	0.11970499902963638	0.7396794557571411
1009	0.021823374554514885	0.1207805648446083	0.7384243011474609
1010	0.02130768820643425	0.12175268679857254	0.734999418258667
1011	0.021648727357387543	0.12094880640506744	0.7336687445640564
1012	0.0216690581291914	0.12159501016139984	0.7342085242271423
1013	0.02086859568953514	0.12124154716730118	0.733370304107666
1014	0.021724577993154526	0.12040223926305771	0.7307460308074951
1015	0.021659480407834053	0.1212979182600975	0.7294386029243469
1016	0.0212531890720129	0.12362183630466461	0.7300014495849609
1017	0.023000583052635193	0.1230488047003746	0.7334378957748413
1018	0.02054675482213497	0.12270895391702652	0.7325975298881531
1019	0.020903661847114563	0.12295740097761154	0.730212390422821
1020	0.022479325532913208	0.12186693400144577	0.7308827042579651
1021	0.02160930261015892	0.1218167394399643	0.7338401675224304
1022	0.02119104005396366	0.12430538982152939	0.7356024980545044
1023	0.023051895201206207	0.12231391668319702	0.7364823222160339
1024	0.021429479122161865	0.11914902180433273	0.7348743677139282
1025	0.021966256201267242	0.11971442401409149	0.733441948890686
1026	0.02130933478474617	0.12173659354448318	0.7339213490486145
1027	0.021396229043602943	0.1219601035118103	0.7340225577354431
1028	0.02127614989876747	0.12062422931194305	0.73269122838974
1029	0.022044561803340912	0.1197841688990593	0.731774628162384
1030	0.02107294462621212	0.12123256176710129	0.7327429056167603
1031	0.020941413938999176	0.12272195518016815	0.7308828830718994
1032	0.020843470469117165	0.12225785106420517	0.7286859750747681
1033	0.020403819158673286	0.12064696848392487	0.728297233581543
1034	0.02209208533167839	0.1205550879240036	0.7342550158500671
1035	0.02074601501226425	0.12230625003576279	0.7394746541976929
1036	0.023444848135113716	0.12162358313798904	0.7369276285171509
1037	0.022047879174351692	0.12075920403003693	0.7276873588562012
1038	0.02166990004479885	0.12128245085477829	0.7266656160354614
1039	0.021339530125260353	0.12262092530727386	0.7315372824668884
1040	0.02029692381620407	0.1226126030087471	0.7347445487976074
1041	0.022079791873693466	0.12087448686361313	0.734641969203949
1042	0.020974978804588318	0.12099335342645645	0.7331767082214355
1043	0.022338660433888435	0.122254878282547	0.7328014373779297
1044	0.021727032959461212	0.12202319502830505	0.7355226278305054
1045	0.022196853533387184	0.12070654332637787	0.7389264702796936
1046	0.021627390757203102	0.11837034672498703	0.7408953309059143
1047	0.02167310006916523	0.11790446937084198	0.7400224208831787
1048	0.021589310839772224	0.11956256628036499	0.7389624118804932
1049	0.0221438929438591	0.12244631350040436	0.7357998490333557
1050	0.021271727979183197	0.12181870639324188	0.7360701560974121
1051	0.02164926379919052	0.12056756019592285	0.7401404976844788
1052	0.021293094381690025	0.11927385628223419	0.7427023649215698
1053	0.021960562095046043	0.11906485259532928	0.7407947778701782
1054	0.021015388891100883	0.1194714829325676	0.736066460609436
1055	0.021435648202896118	0.11998800933361053	0.7329874038696289
1056	0.02059609815478325	0.11996917426586151	0.7336413860321045
1057	0.020584413781762123	0.11962218582630157	0.7346675992012024
1058	0.020350540056824684	0.12009643763303757	0.7364498376846313
1059	0.020653486251831055	0.12075480818748474	0.7376428842544556
1060	0.021604733541607857	0.12165797501802444	0.7352932691574097
1061	0.021521061658859253	0.12260570377111435	0.7338980436325073
1062	0.020703665912151337	0.12399839609861374	0.735010027885437
1063	0.021774915978312492	0.12240194529294968	0.7356007695198059
1064	0.02172449231147766	0.12142962217330933	0.7370733022689819
1065	0.021341687068343163	0.12065132707357407	0.7379848957061768
1066	0.021012991666793823	0.12051552534103394	0.73628830909729
1067	0.02041098102927208	0.12152193486690521	0.7347669005393982
1068	0.02064523659646511	0.12177158147096634	0.7349243760108948
1069	0.01977585069835186	0.12141308188438416	0.7373575568199158
1070	0.02035393752157688	0.11989723145961761	0.7395041584968567
1071	0.020732078701257706	0.1181911826133728	0.7404906153678894
1072	0.020779026672244072	0.1182342916727066	0.7388643026351929
1073	0.020530370995402336	0.11957189440727234	0.7378725409507751
1074	0.02038450352847576	0.12210328131914139	0.7400767803192139
1075	0.02197273075580597	0.12069334834814072	0.7414072751998901
1076	0.021472802385687828	0.1193239614367485	0.7389256358146667
1077	0.02044869028031826	0.11926228553056717	0.7392938137054443
1078	0.020733406767249107	0.12126895785331726	0.7408542633056641
1079	0.020967185497283936	0.12305950373411179	0.7393462657928467
1080	0.021737242117524147	0.11872048676013947	0.7384600043296814
1081	0.02062883786857128	0.11807477474212646	0.7364975214004517
1082	0.02111036516726017	0.11945481598377228	0.7373161315917969
1083	0.021253444254398346	0.12174734473228455	0.7387989163398743
1084	0.02121879905462265	0.12101007252931595	0.7384358644485474
1085	0.020077526569366455	0.11973284184932709	0.7369641661643982
1086	0.021607333794236183	0.1200573742389679	0.7390826940536499
1087	0.021360190585255623	0.12212196737527847	0.7428696155548096
1088	0.021507063880562782	0.12247708439826965	0.7412768006324768
1089	0.02120770700275898	0.12039261311292648	0.7368389368057251
1090	0.020066848024725914	0.12012414634227753	0.7324224710464478
1091	0.02095293067395687	0.12076439708471298	0.7346906661987305
1092	0.020910561084747314	0.12166975438594818	0.7385736703872681
1093	0.021564817056059837	0.12067461758852005	0.7382620573043823
1094	0.020246028900146484	0.1208338513970375	0.7353747487068176
1095	0.02001197636127472	0.12225024402141571	0.7321694493293762
1096	0.02112298458814621	0.12239942699670792	0.7333337068557739
1097	0.019880685955286026	0.12145998328924179	0.7360918521881104
1098	0.02083328738808632	0.12022849917411804	0.7352683544158936
1099	0.019774315878748894	0.12025515735149384	0.7318655252456665
1100	0.02093525603413582	0.12038546055555344	0.7284192442893982
1101	0.02185608260333538	0.12045294791460037	0.7319493889808655
1102	0.02078935131430626	0.12110261619091034	0.7373576164245605
1103	0.020607970654964447	0.12113942950963974	0.7389288544654846
1104	0.020921776071190834	0.11956179887056351	0.738132894039154
1105	0.020694950595498085	0.11892283707857132	0.7347312569618225
1106	0.02025073580443859	0.12032975256443024	0.7317655086517334
1107	0.020551558583974838	0.12070753425359726	0.7305386066436768
1108	0.020904304459691048	0.11998047679662704	0.7330119609832764
1109	0.02020876482129097	0.11985091120004654	0.7347632646560669
1110	0.02124946378171444	0.12093572318553925	0.7340303659439087
1111	0.02024318464100361	0.12342425435781479	0.7305178046226501
1112	0.021122468635439873	0.12294900417327881	0.7289935350418091
1113	0.020003778859972954	0.12062773108482361	0.7320515513420105
1114	0.020827051252126694	0.12008654326200485	0.7350164651870728
1115	0.021511951461434364	0.12024825811386108	0.7360817790031433
1116	0.0216040201485157	0.1200217753648758	0.7339779138565063
1117	0.02027050033211708	0.11989165842533112	0.7308575510978699
1118	0.02100445330142975	0.11938215047121048	0.7308285236358643
1119	0.02184228040277958	0.11967290192842484	0.7350519895553589
1120	0.02127382531762123	0.12114991247653961	0.7386789321899414
1121	0.02102138102054596	0.12154519557952881	0.7380809187889099
1122	0.02161455526947975	0.12055893987417221	0.7327611446380615
