epoch	train_loss	test_loss	test_metric
0	0.29963165521621704	0.4326464831829071	0.4694402515888214
1	0.25514793395996094	0.3844345510005951	0.48055267333984375
2	0.21721458435058594	0.33975493907928467	0.4945409893989563
3	0.19071581959724426	0.30409082770347595	0.5095691084861755
4	0.16965210437774658	0.27139610052108765	0.5234529972076416
5	0.15552383661270142	0.24288854002952576	0.5367923974990845
6	0.14561353623867035	0.22330275177955627	0.5531355142593384
7	0.1409597545862198	0.21986636519432068	0.5688357949256897
8	0.13728055357933044	0.22447331249713898	0.5760825276374817
9	0.13216184079647064	0.21874800324440002	0.5850509405136108
10	0.13043037056922913	0.2123885452747345	0.5931441783905029
11	0.124747633934021	0.20456130802631378	0.6003849506378174
12	0.12069835513830185	0.20537890493869781	0.5982350707054138
13	0.12089228630065918	0.214389830827713	0.5855393409729004
14	0.11566673964262009	0.21804895997047424	0.575530469417572
15	0.11288631707429886	0.20462366938591003	0.5820195078849792
16	0.10956054925918579	0.1917717009782791	0.5910701751708984
17	0.10867392271757126	0.1907501071691513	0.5915418863296509
18	0.10804871469736099	0.19874250888824463	0.585159420967102
19	0.10443587601184845	0.20445381104946136	0.5811436772346497
20	0.10281706601381302	0.19584247469902039	0.5900059342384338
21	0.10223645716905594	0.1831895411014557	0.6020287275314331
22	0.10254742950201035	0.18317139148712158	0.6062289476394653
23	0.09882839024066925	0.19349655508995056	0.6007205247879028
24	0.09995263814926147	0.19566254317760468	0.6014883518218994
25	0.09679330885410309	0.1858934760093689	0.6127271056175232
26	0.09553180634975433	0.17682258784770966	0.6224775314331055
27	0.09539484977722168	0.18235591053962708	0.6219655871391296
28	0.09421659260988235	0.19176773726940155	0.6207853555679321
29	0.09359452873468399	0.1895187348127365	0.6284736394882202
30	0.09290758520364761	0.1789483278989792	0.641139805316925
31	0.09155380725860596	0.17088091373443604	0.6504101753234863
32	0.09040085971355438	0.1791362315416336	0.6503760814666748
33	0.08707809448242188	0.18563655018806458	0.6499962210655212
34	0.0895390659570694	0.1751139909029007	0.6571332216262817
35	0.08576254546642303	0.16343727707862854	0.6624271869659424
36	0.08599422127008438	0.16666044294834137	0.6589419841766357
37	0.08459974825382233	0.1701347827911377	0.6585755944252014
38	0.08354395627975464	0.16776910424232483	0.6626920104026794
39	0.08375615626573563	0.15979906916618347	0.6694649457931519
40	0.08205613493919373	0.16043658554553986	0.6711155772209167
41	0.08124040067195892	0.16292817890644073	0.6713434457778931
42	0.08011182397603989	0.16040579974651337	0.6713607907295227
43	0.07936922460794449	0.15583175420761108	0.6718577742576599
44	0.07792069762945175	0.1558973491191864	0.6738840341567993
45	0.0775279551744461	0.16337047517299652	0.6733221411705017
46	0.07909326255321503	0.15320153534412384	0.6773513555526733
47	0.07466962933540344	0.14528514444828033	0.6780140995979309
48	0.07476548850536346	0.1534198522567749	0.6728026270866394
49	0.07588119804859161	0.15203556418418884	0.6722519397735596
50	0.07463158667087555	0.14302754402160645	0.6770249605178833
51	0.07426853477954865	0.14744845032691956	0.6759123206138611
52	0.07127553969621658	0.1617335081100464	0.6705771684646606
53	0.07491031289100647	0.15297453105449677	0.6728093028068542
54	0.07150497287511826	0.14705218374729156	0.672961413860321
55	0.07072006165981293	0.14804457128047943	0.6723595857620239
56	0.06970322877168655	0.15397591888904572	0.6755042672157288
57	0.0709347128868103	0.14817892014980316	0.6817153692245483
58	0.06802427768707275	0.14433886110782623	0.6808570027351379
59	0.07010680437088013	0.14760582149028778	0.6748204827308655
60	0.06787465512752533	0.14846476912498474	0.6740639805793762
61	0.06687130033969879	0.14859910309314728	0.6795114874839783
62	0.0682731345295906	0.13650718331336975	0.6878649592399597
63	0.06780485808849335	0.13906273245811462	0.69428950548172
64	0.06651173532009125	0.14239409565925598	0.6929162740707397
65	0.06708090752363205	0.14260786771774292	0.6857777237892151
66	0.06387324631214142	0.1404205709695816	0.6829733848571777
67	0.06447984278202057	0.14963676035404205	0.6773003935813904
68	0.0649113804101944	0.14878185093402863	0.6797943711280823
69	0.06477607041597366	0.14390522241592407	0.6834486126899719
70	0.0617307685315609	0.14546626806259155	0.6816770434379578
71	0.06243445724248886	0.1440792977809906	0.6788870096206665
72	0.06154797971248627	0.14094899594783783	0.6751183867454529
73	0.0613783523440361	0.14228831231594086	0.6779617667198181
74	0.06096262112259865	0.1483149230480194	0.6808649897575378
75	0.061711255460977554	0.1397087126970291	0.6847013235092163
76	0.0597810298204422	0.14296934008598328	0.681233286857605
77	0.060002584010362625	0.15072476863861084	0.6776408553123474
78	0.06020956113934517	0.13714203238487244	0.6870611310005188
79	0.060883939266204834	0.14533692598342896	0.6859531998634338
80	0.05956109240651131	0.14721892774105072	0.6862407922744751
81	0.05904587730765343	0.14238695800304413	0.6864981055259705
82	0.0581618957221508	0.1445612907409668	0.6866158843040466
83	0.05852328613400459	0.14982002973556519	0.685616135597229
84	0.0591876320540905	0.1365516036748886	0.6888554096221924
85	0.05744725465774536	0.13908860087394714	0.6815828680992126
86	0.057538535445928574	0.14673830568790436	0.6706648468971252
87	0.05758639797568321	0.13632816076278687	0.6799234747886658
88	0.056527089327573776	0.13680250942707062	0.6907658576965332
89	0.054656147956848145	0.13994929194450378	0.6930059790611267
90	0.054101187735795975	0.14114095270633698	0.6942212581634521
91	0.05441122129559517	0.13725276291370392	0.693031907081604
92	0.05366447567939758	0.14179138839244843	0.6887031197547913
93	0.05401547998189926	0.1415899395942688	0.686204195022583
94	0.05416619032621384	0.1401989609003067	0.6854954957962036
95	0.05337081849575043	0.1468670666217804	0.682722270488739
96	0.0540388822555542	0.13846440613269806	0.6882685422897339
97	0.05273686349391937	0.13531234860420227	0.6868937611579895
98	0.05214858427643776	0.1460665613412857	0.6821943521499634
99	0.05448894947767258	0.14134788513183594	0.6854302883148193
100	0.05106048285961151	0.13819196820259094	0.6827633380889893
101	0.052149124443531036	0.13934925198554993	0.6764069199562073
102	0.05268210917711258	0.14033201336860657	0.6731797456741333
103	0.05233699083328247	0.1416090726852417	0.6772293448448181
104	0.05081505700945854	0.13935407996177673	0.6836381554603577
105	0.05091680586338043	0.1365765631198883	0.6876586675643921
106	0.05100349336862564	0.1420440524816513	0.6868155002593994
107	0.050527580082416534	0.14199082553386688	0.6885963678359985
108	0.04939395189285278	0.1369631439447403	0.6914557814598083
109	0.05153326317667961	0.13866664469242096	0.6818130612373352
110	0.05119851976633072	0.14110852777957916	0.6770707964897156
111	0.049903035163879395	0.14145779609680176	0.6719805598258972
112	0.0500941202044487	0.1372515708208084	0.674630880355835
113	0.051104698330163956	0.1488817036151886	0.6775317788124084
114	0.04891800507903099	0.14420734345912933	0.6814174056053162
115	0.04745696485042572	0.14405471086502075	0.6781936287879944
116	0.0488082692027092	0.14146828651428223	0.6735435724258423
117	0.047574516385793686	0.13503271341323853	0.6812471747398376
118	0.04892854019999504	0.13946501910686493	0.681623637676239
119	0.04835629090666771	0.13695639371871948	0.6872622966766357
120	0.0473061203956604	0.1405632495880127	0.6843806505203247
121	0.04620030149817467	0.13910262286663055	0.677961528301239
122	0.049363818019628525	0.1388988494873047	0.673823893070221
123	0.04713951423764229	0.14131908118724823	0.6756961345672607
124	0.046366289258003235	0.1387917697429657	0.6828626990318298
125	0.04641569033265114	0.13833199441432953	0.6852906942367554
126	0.04612823203206062	0.13895519077777863	0.683617115020752
127	0.04628121107816696	0.14487197995185852	0.6821316480636597
128	0.047140076756477356	0.13934916257858276	0.6870214939117432
129	0.04521916061639786	0.13715438544750214	0.6869438886642456
130	0.04482162371277809	0.14109422266483307	0.6793378591537476
131	0.04581213369965553	0.14077168703079224	0.680985689163208
132	0.043675586581230164	0.13485188782215118	0.6865219473838806
133	0.04579462483525276	0.13985146582126617	0.6840530633926392
134	0.046424832195043564	0.14653277397155762	0.6804397702217102
135	0.04506463557481766	0.13382497429847717	0.6846685409545898
136	0.04539834335446358	0.13568982481956482	0.6854568123817444
137	0.04527530074119568	0.14067736268043518	0.6895546317100525
138	0.045184146612882614	0.13336507976055145	0.6963570713996887
139	0.044652726501226425	0.1309584081172943	0.6957247257232666
140	0.04345988482236862	0.14229345321655273	0.6871441006660461
141	0.04688647761940956	0.13298450410366058	0.6887591481208801
142	0.043538112193346024	0.13004636764526367	0.6926901936531067
143	0.044245634227991104	0.13759729266166687	0.6859202980995178
144	0.04376117140054703	0.1415231078863144	0.6749096512794495
145	0.045012060552835464	0.1349288523197174	0.6782832145690918
146	0.04406001418828964	0.13389654457569122	0.6833676099777222
147	0.04250187426805496	0.14124837517738342	0.6841433048248291
148	0.04310743138194084	0.13856516778469086	0.6837578415870667
149	0.04169737920165062	0.13145656883716583	0.6858049631118774
150	0.04247744381427765	0.13572463393211365	0.6813196539878845
151	0.04150713235139847	0.1371111422777176	0.6829092502593994
152	0.040211137384176254	0.13407179713249207	0.6843761801719666
153	0.040711916983127594	0.1335010528564453	0.6793900728225708
154	0.04097481817007065	0.13609382510185242	0.6747284531593323
155	0.04115183651447296	0.1395074725151062	0.6721377968788147
156	0.04192923754453659	0.13882137835025787	0.6727933287620544
157	0.04233842343091965	0.14082881808280945	0.6698054075241089
158	0.0412859208881855	0.1383744180202484	0.6732749938964844
159	0.0410703606903553	0.13323628902435303	0.6811251044273376
160	0.04146324843168259	0.13364757597446442	0.6869929432868958
161	0.04123189300298691	0.13619515299797058	0.6892389059066772
162	0.040870413184165955	0.13326352834701538	0.6938508749008179
163	0.04097290709614754	0.1296387016773224	0.6945965886116028
164	0.04092789441347122	0.1317279189825058	0.6875789165496826
165	0.040065933018922806	0.14127187430858612	0.677988588809967
166	0.04144010692834854	0.13845142722129822	0.6826673746109009
167	0.04061903432011604	0.13389286398887634	0.6839133501052856
168	0.040165260434150696	0.14304780960083008	0.6757319569587708
169	0.04050201550126076	0.14062486588954926	0.6798771023750305
170	0.040594425052404404	0.13071584701538086	0.6884332895278931
171	0.04097192361950874	0.13204099237918854	0.6906861662864685
172	0.03767666593194008	0.13915027678012848	0.6912170648574829
173	0.0405673049390316	0.13495607674121857	0.6878102421760559
174	0.039850473403930664	0.1326533854007721	0.6847705841064453
175	0.0405547134578228	0.13451409339904785	0.6887177228927612
176	0.03871531039476395	0.138203963637352	0.6899691224098206
177	0.0387166291475296	0.13301785290241241	0.6865155100822449
178	0.03795735538005829	0.1340959519147873	0.6792564392089844
179	0.03948969021439552	0.13950738310813904	0.6753963828086853
180	0.038552165031433105	0.13719645142555237	0.6791477799415588
181	0.03775961697101593	0.13192810118198395	0.684562087059021
182	0.038839537650346756	0.1362968385219574	0.6859335899353027
183	0.037129394710063934	0.13997429609298706	0.6802428364753723
184	0.03875049576163292	0.13293637335300446	0.6805732250213623
185	0.03823433443903923	0.1316741704940796	0.6838576197624207
186	0.0389593280851841	0.13904787600040436	0.6815516352653503
187	0.03873733803629875	0.13802725076675415	0.6788763403892517
188	0.03827035799622536	0.1304549276828766	0.6777471303939819
189	0.039934419095516205	0.13172784447669983	0.6798397898674011
190	0.03757843002676964	0.13968686759471893	0.6790757179260254
191	0.03845183551311493	0.13676480948925018	0.6771248579025269
192	0.038083527237176895	0.13073161244392395	0.6749852895736694
193	0.037991177290678024	0.1339004635810852	0.6702834963798523
194	0.037642303854227066	0.1388392150402069	0.6762747168540955
195	0.03739071637392044	0.13907445967197418	0.6788033843040466
196	0.038343239575624466	0.13454881310462952	0.6777022480964661
197	0.03584221005439758	0.1338135004043579	0.6710388660430908
198	0.03669114038348198	0.13873225450515747	0.6666336059570312
199	0.037669163197278976	0.13642936944961548	0.6795588135719299
200	0.035715825855731964	0.134390190243721	0.689098596572876
201	0.037612639367580414	0.13348649442195892	0.6875239610671997
202	0.03700500726699829	0.13918694853782654	0.6769753694534302
203	0.03731071576476097	0.13826477527618408	0.6753291487693787
204	0.03793111443519592	0.13349656760692596	0.6807584762573242
205	0.036693330854177475	0.13524307310581207	0.685484766960144
206	0.03641342744231224	0.13414134085178375	0.6848694086074829
207	0.03568010777235031	0.1330936849117279	0.6788308024406433
208	0.03597521036863327	0.13558220863342285	0.6764334440231323
209	0.03638508915901184	0.13724949955940247	0.6787486672401428
210	0.0352523997426033	0.1366763412952423	0.6845358610153198
211	0.03601079061627388	0.1352827250957489	0.6835019588470459
212	0.03624451532959938	0.13601849973201752	0.6765654683113098
213	0.035471804440021515	0.13632208108901978	0.6731452345848083
214	0.035489004105329514	0.13692648708820343	0.6746863126754761
215	0.03593806177377701	0.13478487730026245	0.6821302175521851
216	0.035199299454689026	0.1312752515077591	0.6879074573516846
217	0.03495876118540764	0.13197532296180725	0.6882712841033936
218	0.035210900008678436	0.13288141787052155	0.6839240789413452
219	0.035513486713171005	0.13169170916080475	0.6847562193870544
220	0.03455886244773865	0.13261659443378448	0.6831653118133545
221	0.036226604133844376	0.13193321228027344	0.6850115656852722
222	0.033915337175130844	0.13093627989292145	0.6895617842674255
223	0.03570885211229324	0.1336110234260559	0.685124933719635
224	0.03524058684706688	0.1371782422065735	0.6816525459289551
225	0.03470407426357269	0.1344742625951767	0.684017539024353
226	0.03457514941692352	0.13195419311523438	0.6854065656661987
227	0.03479854390025139	0.13428136706352234	0.6861752867698669
228	0.03397935628890991	0.13871756196022034	0.6814445853233337
229	0.035003259778022766	0.13489075005054474	0.6825400590896606
230	0.03400591015815735	0.13368205726146698	0.6792474389076233
231	0.033775415271520615	0.13507406413555145	0.6785123944282532
232	0.03428327664732933	0.136428102850914	0.6807138323783875
233	0.03528672084212303	0.1376395970582962	0.6785308122634888
234	0.03479994833469391	0.1377234160900116	0.6724537014961243
235	0.033316127955913544	0.13736161589622498	0.6631262302398682
236	0.03306645154953003	0.13687428832054138	0.664790689945221
237	0.03459515795111656	0.13532547652721405	0.6777472496032715
238	0.03357332944869995	0.1358417272567749	0.6860566139221191
239	0.03474690020084381	0.13169385492801666	0.6870232820510864
240	0.03272660821676254	0.13436855375766754	0.682155966758728
241	0.03542815521359444	0.1380218267440796	0.6796908974647522
242	0.03368452563881874	0.1355547457933426	0.6804690957069397
243	0.03321278095245361	0.13742583990097046	0.6758781671524048
244	0.03536848723888397	0.13658301532268524	0.6770864725112915
245	0.03342016413807869	0.13855765759944916	0.675719141960144
246	0.03468117490410805	0.14031733572483063	0.6731805205345154
247	0.03452252596616745	0.13370615243911743	0.6759260296821594
248	0.032550886273384094	0.13176798820495605	0.6765769720077515
249	0.03420136496424675	0.13550059497356415	0.6765877604484558
250	0.03261569142341614	0.13635028898715973	0.6778366565704346
251	0.03451923653483391	0.13430342078208923	0.6796708703041077
252	0.03355874866247177	0.1325087994337082	0.6773146986961365
253	0.032419487833976746	0.13400283455848694	0.6690696477890015
254	0.03412102162837982	0.1324554681777954	0.6766699552536011
255	0.0336434505879879	0.13341495394706726	0.6863391995429993
256	0.03309657424688339	0.13398079574108124	0.6825811862945557
257	0.032811108976602554	0.1360529661178589	0.6715598702430725
258	0.03321198746562004	0.13344630599021912	0.6710317730903625
259	0.03242474049329758	0.1339084804058075	0.6713796257972717
260	0.0329822339117527	0.1372879445552826	0.6742637157440186
261	0.03315561264753342	0.13381211459636688	0.6774447560310364
262	0.03219277039170265	0.13484393060207367	0.6750001311302185
263	0.03335162624716759	0.13537397980690002	0.6762205958366394
264	0.032812684774398804	0.13204671442508698	0.6829821467399597
265	0.03215432167053223	0.1327686607837677	0.683890700340271
266	0.03210572898387909	0.1312321275472641	0.6851763725280762
267	0.03274918347597122	0.13230782747268677	0.6811307668685913
268	0.033089667558670044	0.13534942269325256	0.6792784929275513
269	0.032506704330444336	0.1361016035079956	0.6784409284591675
270	0.03163966163992882	0.1314881592988968	0.6808584332466125
271	0.03230549395084381	0.1337687224149704	0.6770231127738953
272	0.03281246870756149	0.1376565396785736	0.6710712313652039
273	0.03334712237119675	0.13420598208904266	0.6725996732711792
274	0.03143870830535889	0.13448801636695862	0.6732707619667053
275	0.03186464309692383	0.1365939825773239	0.6736624240875244
276	0.03188733011484146	0.1348663866519928	0.6785600781440735
277	0.03194088488817215	0.13394153118133545	0.6803156137466431
278	0.03319891542196274	0.13358215987682343	0.6785135865211487
279	0.03133160620927811	0.1335495561361313	0.6750633716583252
280	0.031740717589855194	0.13499988615512848	0.6726964116096497
281	0.03119031898677349	0.14016535878181458	0.6675315499305725
282	0.03189621493220329	0.13738900423049927	0.6691291928291321
283	0.031481873244047165	0.13921068608760834	0.6637856364250183
284	0.032680898904800415	0.14019238948822021	0.6632667779922485
285	0.032761190086603165	0.13540072739124298	0.6723748445510864
286	0.02997738867998123	0.13335247337818146	0.6781362295150757
287	0.031079191714525223	0.13455846905708313	0.680112361907959
288	0.03123394586145878	0.13275884091854095	0.683606743812561
289	0.03111049346625805	0.13049697875976562	0.6853438019752502
290	0.03227553516626358	0.13461431860923767	0.6778193712234497
291	0.03120299056172371	0.14024725556373596	0.6660416126251221
292	0.03339897468686104	0.13424628973007202	0.6759578585624695
293	0.030782267451286316	0.1316046267747879	0.6826481819152832
294	0.03129652515053749	0.1391610950231552	0.6768534779548645
295	0.03157176077365875	0.1357119232416153	0.6749182343482971
296	0.03153450787067413	0.12977255880832672	0.6749788522720337
297	0.03243570774793625	0.13060115277767181	0.6758747100830078
298	0.030733423307538033	0.1348046511411667	0.6786959171295166
299	0.03068515472114086	0.1362581104040146	0.6777817606925964
300	0.03138867765665054	0.1341017633676529	0.6774223446846008
301	0.03144001588225365	0.13374115526676178	0.6766747236251831
302	0.0311698317527771	0.13376392424106598	0.6739444732666016
303	0.030592702329158783	0.13514715433120728	0.6720757484436035
304	0.03060327097773552	0.13658249378204346	0.6696736216545105
305	0.02964388020336628	0.1367536336183548	0.6722325086593628
306	0.03132349252700806	0.1345580369234085	0.6738229393959045
307	0.03041785955429077	0.13431081175804138	0.6703196167945862
308	0.030556336045265198	0.13548193871974945	0.6680487990379333
309	0.02973265014588833	0.13222847878932953	0.6712026596069336
310	0.030610810965299606	0.1335979700088501	0.6722283959388733
311	0.029933318495750427	0.13458937406539917	0.67523592710495
312	0.03023158200085163	0.1318504810333252	0.6769250631332397
313	0.030221713706851006	0.13238613307476044	0.6769251823425293
314	0.029908359050750732	0.13291126489639282	0.6788986921310425
315	0.029726075008511543	0.13368278741836548	0.6769989132881165
316	0.030493024736642838	0.13459353148937225	0.6770214438438416
317	0.029223749414086342	0.13535372912883759	0.6766325831413269
318	0.029098547995090485	0.13474597036838531	0.678561270236969
319	0.029795408248901367	0.13584348559379578	0.6741108894348145
320	0.030327511951327324	0.13306988775730133	0.6786757111549377
321	0.028174282982945442	0.13277362287044525	0.6801977753639221
322	0.028242047876119614	0.13447022438049316	0.6790457367897034
323	0.030489647760987282	0.13273830711841583	0.6813075542449951
324	0.02913415990769863	0.1317838430404663	0.6813371777534485
325	0.029603641480207443	0.13571836054325104	0.6763482093811035
326	0.0294742863625288	0.13487018644809723	0.6775532960891724
327	0.029175754636526108	0.13197208940982819	0.6772866249084473
328	0.029510170221328735	0.13238485157489777	0.674540638923645
329	0.030092719942331314	0.1344393938779831	0.6725903153419495
330	0.029490087181329727	0.1344033032655716	0.6755952835083008
331	0.029256857931613922	0.13449352979660034	0.6769882440567017
332	0.02942407689988613	0.13617382943630219	0.6733182072639465
333	0.031079335138201714	0.13659968972206116	0.667201042175293
334	0.030983425676822662	0.13344775140285492	0.6726002097129822
335	0.02915189042687416	0.13168643414974213	0.6799413561820984
336	0.030316157266497612	0.1342974454164505	0.6828547716140747
337	0.031440798193216324	0.13313734531402588	0.6826823353767395
338	0.028823239728808403	0.13372103869915009	0.6774196624755859
339	0.02942691743373871	0.1348639279603958	0.6752229928970337
340	0.02903217077255249	0.13317319750785828	0.6776591539382935
341	0.02858111448585987	0.13571900129318237	0.6771569848060608
342	0.029532907530665398	0.13641753792762756	0.6716386079788208
343	0.02808368392288685	0.13394300639629364	0.673187255859375
344	0.02831389009952545	0.13376270234584808	0.6736762523651123
345	0.029658645391464233	0.1351374089717865	0.6733381748199463
346	0.029133005067706108	0.13530294597148895	0.6753195524215698
347	0.02824876643717289	0.13323070108890533	0.676853358745575
348	0.02932089753448963	0.13177742063999176	0.6825684905052185
349	0.02858049049973488	0.13164493441581726	0.6859734654426575
350	0.02883722074329853	0.1351524293422699	0.6798557639122009
351	0.02897605486214161	0.13598772883415222	0.6719534397125244
352	0.028923751786351204	0.1372540146112442	0.6673610210418701
353	0.029250655323266983	0.13509318232536316	0.672798752784729
354	0.029434798285365105	0.1363440603017807	0.6740667819976807
355	0.029193513095378876	0.13736580312252045	0.6730812191963196
356	0.029272863641381264	0.13452748954296112	0.673184871673584
357	0.029207684099674225	0.1337214559316635	0.6721632480621338
358	0.02917947806417942	0.13457635045051575	0.6741989850997925
359	0.029055515304207802	0.13338498771190643	0.6766483187675476
360	0.02839512564241886	0.1337561309337616	0.673745334148407
361	0.028515294194221497	0.13353432714939117	0.6720171570777893
362	0.028629375621676445	0.13515333831310272	0.6702042818069458
363	0.029737478122115135	0.13630442321300507	0.6697785258293152
364	0.029492782428860664	0.13396838307380676	0.6724366545677185
365	0.029350338503718376	0.1346995085477829	0.6703258752822876
366	0.028663013130426407	0.13791434466838837	0.669360339641571
367	0.029093753546476364	0.13457685708999634	0.6716175079345703
368	0.027498003095388412	0.13221265375614166	0.673270583152771
369	0.02900974079966545	0.13787727057933807	0.6683106422424316
370	0.02964596636593342	0.13961946964263916	0.6661603450775146
371	0.03013663925230503	0.1329275518655777	0.6703529953956604
372	0.02933906950056553	0.1332135647535324	0.6713470220565796
373	0.027966395020484924	0.13563582301139832	0.6742458939552307
374	0.02836625650525093	0.13358256220817566	0.6781800985336304
375	0.02826199121773243	0.1317458152770996	0.6795897483825684
376	0.029355011880397797	0.13189314305782318	0.6788278818130493
377	0.030129792168736458	0.13401219248771667	0.6778404712677002
378	0.028589339926838875	0.13416051864624023	0.6772052049636841
379	0.028753291815519333	0.12985634803771973	0.6797457337379456
380	0.0292254276573658	0.13166950643062592	0.6784481406211853
381	0.02831120416522026	0.13782063126564026	0.674201488494873
382	0.02806849591434002	0.134384885430336	0.675919234752655
383	0.027040760964155197	0.13137374818325043	0.6737928986549377
384	0.02849947102367878	0.1340714991092682	0.6667119264602661
385	0.02957858145236969	0.1317068189382553	0.6714161038398743
386	0.028238140046596527	0.12998734414577484	0.6837093830108643
387	0.029015013948082924	0.1353728175163269	0.6850024461746216
388	0.031054744496941566	0.13642379641532898	0.6782606840133667
389	0.028786832466721535	0.13245555758476257	0.6712261438369751
390	0.02890820801258087	0.13255928456783295	0.6670215725898743
391	0.027877675369381905	0.1356014609336853	0.667041540145874
392	0.029337871819734573	0.13347870111465454	0.677253782749176
393	0.028361432254314423	0.13171282410621643	0.6847604513168335
394	0.027384506538510323	0.13435731828212738	0.6831608414649963
395	0.028858358040452003	0.1337011158466339	0.6796414852142334
396	0.027489688247442245	0.13449335098266602	0.6758490800857544
397	0.029027331620454788	0.13364888727664948	0.6746620535850525
398	0.0266940388828516	0.13315771520137787	0.6761444807052612
399	0.029025092720985413	0.13558219373226166	0.6742967963218689
400	0.02801612764596939	0.1326184868812561	0.6767484545707703
401	0.027167946100234985	0.1305440068244934	0.6760624647140503
402	0.02710680104792118	0.13284578919410706	0.6714436411857605
403	0.027415096759796143	0.1328381896018982	0.6746355295181274
404	0.027400163933634758	0.13401362299919128	0.6757033467292786
405	0.027404507622122765	0.13682305812835693	0.6713859438896179
406	0.02805231511592865	0.13644258677959442	0.6668433547019958
407	0.027716204524040222	0.13349828124046326	0.6712127923965454
408	0.02758294716477394	0.13388857245445251	0.6760416030883789
409	0.025731129571795464	0.13930165767669678	0.6695754528045654
410	0.0302579402923584	0.13636042177677155	0.6679079532623291
411	0.027700208127498627	0.13265646994113922	0.6714603900909424
412	0.029119791463017464	0.13541583716869354	0.6755868792533875
413	0.027747076004743576	0.13863180577754974	0.675574004650116
414	0.027514293789863586	0.13443925976753235	0.6791630983352661
415	0.027384057641029358	0.13023585081100464	0.6783850193023682
416	0.028573010116815567	0.13091212511062622	0.6771587133407593
417	0.027884388342499733	0.13573621213436127	0.6757967472076416
418	0.029255639761686325	0.13277190923690796	0.680966317653656
419	0.027004308998584747	0.1295037716627121	0.6837137937545776
420	0.027814870700240135	0.1347844898700714	0.6774946451187134
421	0.027866749092936516	0.13617059588432312	0.675470232963562
422	0.027791840955615044	0.131333127617836	0.6809422373771667
423	0.02703903801739216	0.13101311028003693	0.6805573105812073
424	0.026903726160526276	0.13049711287021637	0.6802775859832764
425	0.026409482583403587	0.132039412856102	0.6795749068260193
426	0.02628326416015625	0.13228818774223328	0.6814330816268921
427	0.025882810354232788	0.13222149014472961	0.6800862550735474
428	0.02700054831802845	0.13238894939422607	0.6786911487579346
429	0.02712673507630825	0.13382849097251892	0.6738027334213257
430	0.02692098170518875	0.13541926443576813	0.6707414388656616
431	0.027264133095741272	0.13248831033706665	0.6773481965065002
432	0.026625538244843483	0.13072319328784943	0.685255765914917
433	0.028021596372127533	0.13338831067085266	0.6849395632743835
434	0.027869107201695442	0.13466483354568481	0.6836876273155212
435	0.0282167736440897	0.13103178143501282	0.6872897148132324
436	0.027349941432476044	0.12934300303459167	0.6860412359237671
437	0.02765721268951893	0.1332111656665802	0.6803656220436096
438	0.026876559481024742	0.13455349206924438	0.6765772104263306
439	0.026749610900878906	0.1329268515110016	0.6794112324714661
440	0.026195930317044258	0.13519082963466644	0.6772299408912659
441	0.026497958227992058	0.1348980963230133	0.6738812923431396
442	0.02644018456339836	0.13393259048461914	0.6690688133239746
443	0.026766544207930565	0.13386321067810059	0.667560875415802
444	0.02700173482298851	0.13325686752796173	0.6699969172477722
445	0.026937657967209816	0.135163351893425	0.6722164154052734
446	0.026015717536211014	0.13683724403381348	0.6733065247535706
447	0.02747217006981373	0.13254766166210175	0.6795217394828796
448	0.025969579815864563	0.1304880827665329	0.6833207011222839
449	0.027773983776569366	0.13320866227149963	0.678361177444458
450	0.026341918855905533	0.13500915467739105	0.6717913150787354
451	0.027021517977118492	0.13121984899044037	0.6771451830863953
452	0.027693768963217735	0.13223348557949066	0.6832070350646973
453	0.026608262211084366	0.13758033514022827	0.6804733276367188
454	0.027363106608390808	0.13565969467163086	0.6765732169151306
455	0.026440203189849854	0.13011722266674042	0.6800860166549683
456	0.026067711412906647	0.13175266981124878	0.6813674569129944
457	0.025009552016854286	0.13233612477779388	0.6840130090713501
458	0.026678016409277916	0.12986770272254944	0.6849450469017029
459	0.025296254083514214	0.13099800050258636	0.6767059564590454
460	0.0263217743486166	0.13141264021396637	0.6735408306121826
461	0.026692191138863564	0.13338840007781982	0.6728736162185669
462	0.025742435827851295	0.13382287323474884	0.6754211783409119
463	0.025281589478254318	0.13261526823043823	0.6781700253486633
464	0.025715570896863937	0.1361318826675415	0.6750110983848572
465	0.02635202929377556	0.13505420088768005	0.6734287142753601
466	0.02491745911538601	0.13336846232414246	0.6734485030174255
467	0.026862965896725655	0.1322806179523468	0.6746149659156799
468	0.026285920292139053	0.13536463677883148	0.6736882925033569
469	0.02594744972884655	0.13325393199920654	0.6763737797737122
470	0.02595590054988861	0.13188736140727997	0.6763153672218323
471	0.026387056335806847	0.13540008664131165	0.6735470294952393
472	0.02540716342628002	0.1343471109867096	0.6756759881973267
473	0.02631472609937191	0.1299687623977661	0.6802577972412109
474	0.027417274191975594	0.13221539556980133	0.6725098490715027
475	0.026140455156564713	0.13837558031082153	0.6627905368804932
476	0.027951588854193687	0.13554295897483826	0.6734547019004822
477	0.025568952783942223	0.13224118947982788	0.6811928749084473
478	0.026351042091846466	0.13257354497909546	0.6803929209709167
479	0.027093807235360146	0.1370953470468521	0.6700180172920227
480	0.027373317629098892	0.13561321794986725	0.6652283072471619
481	0.026293901726603508	0.13209056854248047	0.6673882007598877
482	0.026929503306746483	0.13332487642765045	0.6735915541648865
483	0.026025261729955673	0.1356690227985382	0.6771560311317444
484	0.02757059782743454	0.13175994157791138	0.6785101294517517
485	0.026720352470874786	0.1310974806547165	0.6717079281806946
486	0.025928307324647903	0.1376025378704071	0.6587544679641724
487	0.02742990292608738	0.13628354668617249	0.6649625897407532
488	0.027115970849990845	0.13316038250923157	0.6756290197372437
489	0.025845864787697792	0.1341199278831482	0.6759323477745056
490	0.02653052844107151	0.1339636892080307	0.6709713339805603
491	0.02580713853240013	0.13348491489887238	0.6640508770942688
492	0.02596559189260006	0.13325165212154388	0.6661600470542908
493	0.02548978663980961	0.1340808868408203	0.671707808971405
494	0.025767451152205467	0.13487660884857178	0.6735641956329346
495	0.02567082643508911	0.1336776316165924	0.6742829084396362
496	0.02516365610063076	0.1319672018289566	0.6700957417488098
497	0.026539908722043037	0.1314001977443695	0.6727691888809204
498	0.02571338787674904	0.13166947662830353	0.6782487630844116
499	0.02445210888981819	0.13394993543624878	0.6746624112129211
500	0.026377113536000252	0.13230514526367188	0.672724187374115
501	0.025914007797837257	0.13201121985912323	0.6671802401542664
502	0.02622130699455738	0.13333341479301453	0.6659385561943054
503	0.025894876569509506	0.13457980751991272	0.6720468997955322
504	0.026562750339508057	0.13285712897777557	0.6776297688484192
505	0.025444526225328445	0.13172048330307007	0.6747905611991882
506	0.025767052546143532	0.13341206312179565	0.6691123843193054
507	0.02668883465230465	0.1365780383348465	0.6657031178474426
508	0.02557498589158058	0.13409194350242615	0.6742902398109436
509	0.02446647733449936	0.1314486712217331	0.684483528137207
510	0.026886776089668274	0.13092008233070374	0.6824249029159546
511	0.02548735775053501	0.1336633414030075	0.6760708689689636
512	0.02681833505630493	0.13546176254749298	0.6710137128829956
513	0.02610749937593937	0.13166366517543793	0.6762996912002563
514	0.025652116164565086	0.1324721872806549	0.6762197017669678
515	0.025872990489006042	0.13650467991828918	0.672778844833374
516	0.02591727301478386	0.13576839864253998	0.6729239821434021
517	0.0254792682826519	0.1305825412273407	0.6811536550521851
518	0.02518363483250141	0.1276818811893463	0.689090371131897
519	0.02535124123096466	0.12838329374790192	0.6879810690879822
520	0.025723814964294434	0.12927623093128204	0.6823049187660217
521	0.026027129963040352	0.1322069764137268	0.675354540348053
522	0.02587009221315384	0.13353024423122406	0.6744230389595032
523	0.025456923991441727	0.13074542582035065	0.677814781665802
524	0.025214748457074165	0.13289585709571838	0.6776334047317505
525	0.026065627112984657	0.13548149168491364	0.6769040822982788
526	0.02542300894856453	0.13091854751110077	0.678186297416687
527	0.025859137997031212	0.13083979487419128	0.6735512614250183
528	0.0253014974296093	0.13277792930603027	0.6711621880531311
529	0.02601558342576027	0.13503094017505646	0.671298086643219
530	0.02521219290792942	0.13398243486881256	0.6734757423400879
531	0.025834938511252403	0.13345108926296234	0.6705650091171265
532	0.025756508111953735	0.13617698848247528	0.6628091335296631
533	0.02638872154057026	0.13479509949684143	0.6674268841743469
534	0.024353360757231712	0.133218914270401	0.6745194792747498
535	0.023633185774087906	0.1291724443435669	0.6828059554100037
536	0.02490520104765892	0.12848277390003204	0.6852827668190002
537	0.025608336552977562	0.1307860016822815	0.6823577880859375
538	0.025220127776265144	0.13087677955627441	0.6818249821662903
539	0.024628985673189163	0.129207581281662	0.6846440434455872
540	0.024817902594804764	0.13240700960159302	0.6794525384902954
541	0.02437744475901127	0.13839946687221527	0.6732336282730103
542	0.025682849809527397	0.13471288979053497	0.6784760355949402
543	0.024929283186793327	0.13124041259288788	0.6815832257270813
544	0.026293694972991943	0.13287779688835144	0.6765589118003845
545	0.025153296068310738	0.1336616575717926	0.6747245788574219
546	0.024417618289589882	0.1309850662946701	0.6829012632369995
547	0.023803578689694405	0.1295464038848877	0.6883389949798584
548	0.024293746799230576	0.1313692182302475	0.6875782012939453
549	0.025613626465201378	0.13138748705387115	0.6853283643722534
550	0.02445388026535511	0.12962134182453156	0.6837645769119263
551	0.025663355365395546	0.13140897452831268	0.6811661720275879
552	0.02546539157629013	0.13380953669548035	0.6815308332443237
553	0.025449659675359726	0.13407248258590698	0.6826597452163696
554	0.024952637031674385	0.13012975454330444	0.6825704574584961
555	0.02559855207800865	0.1322164684534073	0.6765421628952026
556	0.025731883943080902	0.13561727106571198	0.674714982509613
557	0.02549324743449688	0.13672694563865662	0.6773213744163513
558	0.023721568286418915	0.13319335877895355	0.6841717958450317
559	0.024356704205274582	0.1282559186220169	0.687942385673523
560	0.02486940659582615	0.1314455270767212	0.6841233372688293
561	0.02575923316180706	0.13156943023204803	0.6871159672737122
562	0.02494960092008114	0.13131725788116455	0.6870554685592651
563	0.0252394899725914	0.13047800958156586	0.685918390750885
564	0.025576747953891754	0.13305029273033142	0.679572582244873
565	0.02614397555589676	0.13251638412475586	0.6760177612304688
566	0.025116389617323875	0.1321508139371872	0.672921895980835
567	0.025682369247078896	0.13257940113544464	0.6732206344604492
568	0.024733800441026688	0.13401010632514954	0.6779959797859192
569	0.02554437145590782	0.1329628825187683	0.6804871559143066
570	0.02575860545039177	0.13361598551273346	0.6761279702186584
571	0.025203820317983627	0.13746707141399384	0.6683938503265381
572	0.026193371042609215	0.1355810910463333	0.671656608581543
573	0.024789221584796906	0.13078273832798004	0.6810172200202942
574	0.02353677712380886	0.1315266191959381	0.6797897815704346
575	0.02474631369113922	0.1320847123861313	0.676602303981781
576	0.024402324110269547	0.13226348161697388	0.6741082072257996
577	0.024804815649986267	0.13281042873859406	0.6735432147979736
578	0.02471960335969925	0.13532519340515137	0.67171311378479
579	0.024564921855926514	0.13595905900001526	0.6716264486312866
580	0.025330018252134323	0.13550442457199097	0.6700077652931213
581	0.023556044325232506	0.13491667807102203	0.6688738465309143
582	0.023918097838759422	0.13218677043914795	0.6733148097991943
583	0.02394089661538601	0.13061515986919403	0.6807253956794739
584	0.02504492737352848	0.130860835313797	0.684325635433197
585	0.02488945610821247	0.1292884200811386	0.6820268630981445
586	0.024619443342089653	0.13291537761688232	0.6729463338851929
587	0.024889765307307243	0.13792821764945984	0.666663646697998
588	0.026579612866044044	0.1347564458847046	0.6728538870811462
589	0.02516467683017254	0.1344759315252304	0.6763932704925537
590	0.024060312658548355	0.13572090864181519	0.6726917624473572
591	0.02511579915881157	0.13434994220733643	0.6685060858726501
592	0.025587987154722214	0.1294008046388626	0.6752381324768066
593	0.024553829804062843	0.12915106117725372	0.6819360852241516
594	0.024417968466877937	0.13511040806770325	0.6824652552604675
595	0.02570047415792942	0.13277104496955872	0.6833023428916931
596	0.02495819889008999	0.12794870138168335	0.6806676387786865
597	0.024820949882268906	0.1295972466468811	0.6744519472122192
598	0.02617170475423336	0.13545025885105133	0.6695109009742737
599	0.02410435490310192	0.13473252952098846	0.6748302578926086
600	0.024301137775182724	0.1313302218914032	0.6806160807609558
601	0.023540306836366653	0.12930573523044586	0.6818380951881409
602	0.02500343881547451	0.1307709664106369	0.6775367259979248
603	0.025036780163645744	0.13210400938987732	0.6768234968185425
604	0.024792207404971123	0.13089171051979065	0.6784359812736511
605	0.023065630346536636	0.1296035647392273	0.6827229857444763
606	0.024261929094791412	0.13138841092586517	0.6822255849838257
607	0.02412968873977661	0.13652189075946808	0.6760604381561279
608	0.025939710438251495	0.13426172733306885	0.6724398732185364
609	0.024890530854463577	0.13100148737430573	0.6714569926261902
610	0.0248823594301939	0.1315772384405136	0.6714397072792053
611	0.02444598637521267	0.13317139446735382	0.6719765067100525
612	0.024817470461130142	0.13127686083316803	0.6753631234169006
613	0.023332133889198303	0.13163524866104126	0.6754910945892334
614	0.023377344012260437	0.13534507155418396	0.675021767616272
615	0.02440669573843479	0.13602346181869507	0.6747025847434998
616	0.025197936221957207	0.13078409433364868	0.6783822178840637
617	0.024915989488363266	0.12971630692481995	0.6801573038101196
618	0.025045983493328094	0.1320650428533554	0.6792557239532471
619	0.023810498416423798	0.13187748193740845	0.6797106266021729
620	0.023874815553426743	0.13222534954547882	0.6761124134063721
621	0.02298705093562603	0.130843847990036	0.6768184900283813
622	0.024116506800055504	0.13253219425678253	0.6773586273193359
623	0.02395053394138813	0.1337619572877884	0.6774629950523376
624	0.024932172149419785	0.13117505609989166	0.6769909262657166
625	0.02339843101799488	0.1318187713623047	0.6749693155288696
626	0.02394731715321541	0.13410764932632446	0.6710335612297058
627	0.025214849039912224	0.13164153695106506	0.6747461557388306
628	0.024674268439412117	0.13034020364284515	0.6786834001541138
629	0.023983824998140335	0.13193534314632416	0.6783151030540466
630	0.025546494871377945	0.1325531154870987	0.6754148006439209
631	0.023827284574508667	0.13048630952835083	0.6745861172676086
632	0.024200772866606712	0.13126567006111145	0.6717429161071777
633	0.024877792224287987	0.1340857297182083	0.6701596975326538
634	0.02510923147201538	0.13310690224170685	0.6742737889289856
635	0.02454180270433426	0.13116590678691864	0.6779219508171082
636	0.02516949363052845	0.13053807616233826	0.6764914393424988
637	0.02440568432211876	0.13177204132080078	0.6742759943008423
638	0.023161357268691063	0.13496030867099762	0.6732842922210693
639	0.024634549394249916	0.13184808194637299	0.6765617728233337
640	0.024461165070533752	0.1302485466003418	0.6780829429626465
641	0.02381136082112789	0.13096420466899872	0.6780524253845215
642	0.0242677703499794	0.13324293494224548	0.6803579330444336
643	0.023437246680259705	0.13302791118621826	0.6769582629203796
644	0.02340777777135372	0.1325552761554718	0.6710515022277832
645	0.02453560195863247	0.1335308998823166	0.6664248704910278
646	0.023754052817821503	0.1354169249534607	0.6637958884239197
647	0.02461821213364601	0.13341285288333893	0.6707419753074646
648	0.024103667587041855	0.13063405454158783	0.6766440868377686
649	0.02430507354438305	0.13064393401145935	0.676081120967865
650	0.023369576781988144	0.1325121819972992	0.6729565262794495
651	0.024051694199442863	0.13150329887866974	0.6751960515975952
652	0.023623337969183922	0.12877941131591797	0.6812535524368286
653	0.023376302793622017	0.12912403047084808	0.6839267015457153
654	0.022855577990412712	0.13055117428302765	0.6849126219749451
655	0.02284402586519718	0.1312934011220932	0.6829168200492859
656	0.02285938337445259	0.13189251720905304	0.6792033314704895
657	0.02347607910633087	0.13131727278232574	0.6777923107147217
658	0.02414128929376602	0.13189013302326202	0.6763859987258911
659	0.02367924340069294	0.13493210077285767	0.6687999367713928
660	0.023548414930701256	0.13296161592006683	0.6727942824363708
661	0.022702226415276527	0.13003568351268768	0.6756940484046936
662	0.023798804730176926	0.12968289852142334	0.6750475168228149
663	0.023369695991277695	0.13246649503707886	0.6736085414886475
664	0.02405281364917755	0.13302543759346008	0.6745570302009583
665	0.024737194180488586	0.12820346653461456	0.6784073114395142
666	0.02374935708940029	0.12778891623020172	0.6774564385414124
667	0.024930300191044807	0.13173316419124603	0.6726710200309753
668	0.0231831856071949	0.1347106248140335	0.6724193096160889
669	0.02381148375570774	0.13161678612232208	0.6811366081237793
670	0.024592053145170212	0.12864895164966583	0.6831998825073242
671	0.024572961032390594	0.13133370876312256	0.6726415753364563
672	0.02274034544825554	0.13376475870609283	0.6659773588180542
673	0.024256017059087753	0.1320599466562271	0.6728585958480835
674	0.024223243817687035	0.12910395860671997	0.6832119822502136
675	0.023884683847427368	0.1286717653274536	0.6859899759292603
676	0.024541348218917847	0.13250048458576202	0.6790391802787781
677	0.023141514509916306	0.135316401720047	0.668459415435791
678	0.024120021611452103	0.13221164047718048	0.6688180565834045
679	0.023818183690309525	0.12901271879673004	0.6765692234039307
680	0.02301403135061264	0.1293473094701767	0.6812095046043396
681	0.02294706366956234	0.13058678805828094	0.6789997220039368
682	0.023672010749578476	0.131218820810318	0.6719918847084045
683	0.02343280054628849	0.13326512277126312	0.6653302311897278
684	0.0244041346013546	0.1330520510673523	0.6674303412437439
685	0.023281970992684364	0.1317906677722931	0.6745462417602539
686	0.023470990359783173	0.13214586675167084	0.6767383813858032
687	0.02423120103776455	0.13229742646217346	0.6747075915336609
688	0.023558059707283974	0.13237319886684418	0.6718541979789734
689	0.02311144396662712	0.13260582089424133	0.6706560850143433
690	0.023104920983314514	0.13160434365272522	0.6739175319671631
691	0.02291795425117016	0.13058269023895264	0.6782998442649841
692	0.023869991302490234	0.12997835874557495	0.6790176630020142
693	0.023783471435308456	0.13105466961860657	0.6767621040344238
694	0.022801784798502922	0.13267822563648224	0.6722275018692017
695	0.024113725870847702	0.13412237167358398	0.6686213612556458
696	0.022877749055624008	0.13158364593982697	0.6730440258979797
697	0.023028837516903877	0.12928880751132965	0.6794042587280273
698	0.02368549257516861	0.13077424466609955	0.6776900887489319
699	0.022440394386649132	0.13059188425540924	0.6770488619804382
700	0.022622600197792053	0.12936584651470184	0.6771674752235413
701	0.022292541339993477	0.12996149063110352	0.6770045161247253
702	0.02413739636540413	0.1326647400856018	0.6740937829017639
703	0.022615931928157806	0.13488410413265228	0.6691276431083679
704	0.022930249571800232	0.1323806643486023	0.6709365844726562
705	0.02353748306632042	0.1320476084947586	0.6728383898735046
706	0.023236827924847603	0.13451769948005676	0.6741001605987549
707	0.023122422397136688	0.13378290832042694	0.6761150360107422
708	0.02274034172296524	0.13059180974960327	0.6774042248725891
709	0.023085908964276314	0.12954311072826385	0.6767381429672241
710	0.02325691096484661	0.1316252201795578	0.6749857068061829
711	0.022244373336434364	0.1317547708749771	0.6777949929237366
712	0.02326963096857071	0.13024142384529114	0.6802288889884949
713	0.02284415252506733	0.12883250415325165	0.6799216270446777
714	0.023449640721082687	0.1302739381790161	0.6769770979881287
715	0.02298077568411827	0.13243423402309418	0.6756212711334229
716	0.022988423705101013	0.13171793520450592	0.6780223846435547
717	0.02225400134921074	0.12933413684368134	0.6805363893508911
718	0.022769706323742867	0.12973470985889435	0.680203914642334
719	0.02334674634039402	0.13226981461048126	0.6742404103279114
720	0.02338927425444126	0.13244934380054474	0.6711006760597229
721	0.023630967363715172	0.12853074073791504	0.6761006712913513
722	0.022656714543700218	0.12830506265163422	0.6781242489814758
723	0.022888530045747757	0.13022001087665558	0.6787528991699219
724	0.022655706852674484	0.13266263902187347	0.6778297424316406
725	0.023345213383436203	0.1324966996908188	0.6746914982795715
726	0.02294180355966091	0.12970933318138123	0.672519326210022
727	0.022985098883509636	0.13042981922626495	0.66853266954422
728	0.023721536621451378	0.13261297345161438	0.6659482717514038
729	0.02402915619313717	0.13119497895240784	0.6765691637992859
730	0.02330179326236248	0.12884317338466644	0.6839273571968079
731	0.02326803468167782	0.12863688170909882	0.6827715039253235
732	0.02328559197485447	0.1300780475139618	0.6773880124092102
733	0.022079521790146828	0.1316252499818802	0.6697760224342346
734	0.02265300042927265	0.13042989373207092	0.6707720160484314
735	0.0233619324862957	0.12992332875728607	0.6755573153495789
736	0.021962329745292664	0.1325126588344574	0.6751989722251892
737	0.022318972274661064	0.1332603543996811	0.671103298664093
738	0.023225294426083565	0.131892591714859	0.6674136519432068
739	0.023263800889253616	0.13102108240127563	0.6682478189468384
740	0.02254103124141693	0.13240626454353333	0.6717257499694824
741	0.022089814767241478	0.13374410569667816	0.6742581725120544
742	0.0234177578240633	0.1312616765499115	0.6773454546928406
743	0.02268087863922119	0.12996770441532135	0.6757463812828064
744	0.02234281226992607	0.13125650584697723	0.6736029982566833
745	0.02259220741689205	0.13267965614795685	0.6738030910491943
746	0.022768061608076096	0.13226324319839478	0.6750375628471375
747	0.022794965654611588	0.12882082164287567	0.6784084439277649
748	0.022540736943483353	0.12861023843288422	0.6775702238082886
749	0.022236043587327003	0.13042686879634857	0.6745123267173767
750	0.02356969565153122	0.13284346461296082	0.6710071563720703
751	0.023519417271018028	0.13068708777427673	0.674134373664856
752	0.022319570183753967	0.1292325109243393	0.6750956773757935
753	0.02235947549343109	0.13056465983390808	0.6726784706115723
754	0.021994829177856445	0.13293367624282837	0.668578028678894
755	0.02307821251451969	0.1313515454530716	0.6698145270347595
756	0.023353075608611107	0.1306258738040924	0.6693869829177856
757	0.02295948937535286	0.13314110040664673	0.6637997627258301
758	0.02200014516711235	0.1340755969285965	0.6600444912910461
759	0.022359749302268028	0.13431894779205322	0.6572195887565613
760	0.024216435849666595	0.13469864428043365	0.6577883958816528
761	0.023538174107670784	0.13385868072509766	0.6636654138565063
762	0.023149194195866585	0.13124750554561615	0.6722022891044617
763	0.022164030000567436	0.13215592503547668	0.6744431853294373
764	0.02378321997821331	0.13034820556640625	0.6750357151031494
765	0.022871898487210274	0.13105939328670502	0.6711767911911011
766	0.023219361901283264	0.1316336989402771	0.669707179069519
767	0.02460424415767193	0.1312246322631836	0.6712459325790405
768	0.02261216752231121	0.13246122002601624	0.6705084443092346
769	0.02352074161171913	0.1342715471982956	0.6654402613639832
770	0.022841036319732666	0.13390204310417175	0.6641421318054199
771	0.02259381301701069	0.13129079341888428	0.666492760181427
772	0.024055279791355133	0.1319938600063324	0.6677398085594177
773	0.022820062935352325	0.13212677836418152	0.670529842376709
774	0.022883690893650055	0.12979856133460999	0.6769062280654907
775	0.022556617856025696	0.12894314527511597	0.6794836521148682
776	0.023350631818175316	0.12994204461574554	0.6779401898384094
777	0.023073147982358932	0.13443075120449066	0.6698945760726929
778	0.022994056344032288	0.13269196450710297	0.6694611310958862
779	0.023073291406035423	0.12939642369747162	0.6737098693847656
780	0.022303234785795212	0.12936824560165405	0.674797534942627
781	0.0225107129663229	0.131513774394989	0.6710236668586731
782	0.022777395322918892	0.13283771276474	0.6652781367301941
783	0.02273532748222351	0.13246028125286102	0.663739800453186
784	0.022893888875842094	0.13186118006706238	0.6643319725990295
785	0.022522445768117905	0.1318608522415161	0.6657355427742004
786	0.02245626039803028	0.1336136907339096	0.6662479639053345
787	0.02384224906563759	0.1317465454339981	0.6682822108268738
788	0.022035125643014908	0.1289920210838318	0.6705049276351929
789	0.02307300455868244	0.12921610474586487	0.6706675887107849
790	0.023674428462982178	0.1328967809677124	0.6666994094848633
791	0.023085078224539757	0.13087166845798492	0.6716940999031067
792	0.022313712164759636	0.12866948544979095	0.6737293601036072
793	0.02276272512972355	0.12959599494934082	0.6715444326400757
794	0.023328019306063652	0.13164515793323517	0.6703411340713501
795	0.022547569125890732	0.13223567605018616	0.6712349057197571
796	0.02242945320904255	0.12994930148124695	0.6737338304519653
797	0.022423740476369858	0.1291099339723587	0.6738464832305908
798	0.023450955748558044	0.13270051777362823	0.6683306097984314
799	0.02277766913175583	0.13118432462215424	0.6718958020210266
800	0.022716935724020004	0.12842845916748047	0.6768702864646912
801	0.022643383592367172	0.12868131697177887	0.675632655620575
802	0.02338237687945366	0.13116659224033356	0.6711850762367249
803	0.022418661043047905	0.1329554170370102	0.6670647263526917
804	0.02155185677111149	0.13267852365970612	0.6670016646385193
805	0.022397521883249283	0.13197168707847595	0.6716632843017578
806	0.0230104997754097	0.13351860642433167	0.672551155090332
807	0.02229934372007847	0.1324775218963623	0.6727765798568726
808	0.023333942517638206	0.13221056759357452	0.6708911061286926
809	0.02209845371544361	0.13232660293579102	0.6724766492843628
810	0.022805051878094673	0.1319429576396942	0.6741580963134766
811	0.021953150629997253	0.13067108392715454	0.6753197312355042
812	0.021943699568510056	0.129128560423851	0.6753779053688049
813	0.02231769822537899	0.12913663685321808	0.6754506230354309
814	0.02303987741470337	0.13100843131542206	0.6749032735824585
815	0.022058235481381416	0.12999628484249115	0.678168535232544
816	0.0219349954277277	0.1300179362297058	0.6787325143814087
817	0.022438639774918556	0.1299782693386078	0.6742892861366272
818	0.021982599049806595	0.1328628659248352	0.6679199934005737
819	0.02176690474152565	0.1333559900522232	0.6681333780288696
820	0.02253667823970318	0.13111044466495514	0.6725068688392639
821	0.02183401584625244	0.12924796342849731	0.6778198480606079
822	0.022127514705061913	0.13085296750068665	0.6785591244697571
823	0.022487135604023933	0.13195767998695374	0.6736888289451599
824	0.022275246679782867	0.13226014375686646	0.6687881350517273
825	0.022200532257556915	0.1296994388103485	0.6723976135253906
826	0.02271472103893757	0.12986323237419128	0.6727730631828308
827	0.022497283294796944	0.1339685618877411	0.6708621978759766
828	0.022099213674664497	0.13651257753372192	0.6661240458488464
829	0.022539395838975906	0.13101789355278015	0.6688418984413147
830	0.022266197949647903	0.1300385445356369	0.6684106588363647
831	0.023133834823966026	0.1316983550786972	0.6694906949996948
832	0.022059449926018715	0.13342666625976562	0.6714321970939636
833	0.023294560611248016	0.13100817799568176	0.6744639277458191
834	0.022800344973802567	0.13004280626773834	0.6732872128486633
835	0.022545503452420235	0.13308261334896088	0.6641728281974792
836	0.022316990420222282	0.13421781361103058	0.662773072719574
837	0.022185100242495537	0.13266590237617493	0.6656267642974854
838	0.022500593215227127	0.1296566128730774	0.6706866025924683
839	0.023031078279018402	0.1302052140235901	0.6692028641700745
840	0.02321070060133934	0.13148385286331177	0.6661434769630432
841	0.02296917885541916	0.13256613910198212	0.6638760566711426
842	0.02230505272746086	0.13236606121063232	0.6646044850349426
843	0.022782783955335617	0.1325855851173401	0.6676251292228699
844	0.022534681484103203	0.13363899290561676	0.6679546236991882
845	0.022146083414554596	0.13265876471996307	0.666372537612915
846	0.022273169830441475	0.13206161558628082	0.6639794707298279
847	0.022269470617175102	0.13247674703598022	0.6640228629112244
848	0.022131744772195816	0.13398408889770508	0.6664583086967468
849	0.021381819620728493	0.13344542682170868	0.6704002618789673
850	0.021904757246375084	0.13229665160179138	0.6699460744857788
851	0.02218862809240818	0.13281363248825073	0.6645838618278503
852	0.022665537893772125	0.13226939737796783	0.6636786460876465
853	0.02241669036448002	0.13263250887393951	0.6651499271392822
854	0.021872520446777344	0.1365673542022705	0.6634865403175354
855	0.024526838213205338	0.13235101103782654	0.6706022620201111
856	0.022748397663235664	0.12940233945846558	0.6717811822891235
857	0.021612005308270454	0.12951602041721344	0.6695629954338074
858	0.024092959240078926	0.1311221867799759	0.6682155132293701
859	0.022660303860902786	0.13372263312339783	0.6660272479057312
860	0.02210579253733158	0.13336828351020813	0.667548418045044
861	0.022385375574231148	0.13120171427726746	0.6697127819061279
862	0.022351153194904327	0.13087892532348633	0.670032262802124
863	0.021652402356266975	0.13369421660900116	0.6673901081085205
864	0.02152327448129654	0.13450206816196442	0.6654007434844971
865	0.022532595321536064	0.1331855058670044	0.6650466322898865
866	0.021706216037273407	0.1313757449388504	0.6679659485816956
867	0.022211410105228424	0.133967325091362	0.667767345905304
868	0.02302560769021511	0.13427013158798218	0.6692463159561157
869	0.022053441032767296	0.13102631270885468	0.6722638010978699
870	0.022356679663062096	0.12944264709949493	0.6732207536697388
871	0.02122124843299389	0.12903018295764923	0.6749803423881531
872	0.02286953665316105	0.12980970740318298	0.674322247505188
873	0.021981440484523773	0.1328851580619812	0.6699647903442383
874	0.020905952900648117	0.13358508050441742	0.6672026515007019
875	0.021508701145648956	0.1323252171278	0.6682433485984802
876	0.021498586982488632	0.13358500599861145	0.6662836670875549
877	0.020798619836568832	0.13388322293758392	0.6654778718948364
878	0.021419940516352654	0.1341516077518463	0.6657483577728271
879	0.02263546921312809	0.13193856179714203	0.6710717678070068
880	0.021950431168079376	0.13077670335769653	0.6743190884590149
881	0.023402104154229164	0.13199596107006073	0.6735795140266418
882	0.02268715761601925	0.13478121161460876	0.6719731688499451
883	0.023337790742516518	0.13237714767456055	0.6723582744598389
884	0.02293182723224163	0.1288711130619049	0.6740317344665527
885	0.02204870618879795	0.13128043711185455	0.6688609719276428
886	0.022613832727074623	0.13522621989250183	0.6651971340179443
887	0.02242218516767025	0.13333331048488617	0.6700232625007629
888	0.021896587684750557	0.1304021179676056	0.6749958395957947
889	0.021993407979607582	0.1298346370458603	0.6732962727546692
890	0.022382548078894615	0.1313716471195221	0.6693503260612488
891	0.02153061330318451	0.13395985960960388	0.6662098169326782
892	0.022718921303749084	0.13320814073085785	0.6678687930107117
893	0.021253226324915886	0.13222959637641907	0.6698728203773499
894	0.021981308236718178	0.1328519731760025	0.6691937446594238
895	0.02197686955332756	0.13231351971626282	0.6699868440628052
896	0.02141685225069523	0.13270193338394165	0.6687467098236084
897	0.021397588774561882	0.1336348056793213	0.6650986671447754
898	0.022593798115849495	0.13297539949417114	0.6651607155799866
899	0.021711211651563644	0.13187624514102936	0.6692783236503601
900	0.02140740677714348	0.13252928853034973	0.6711400747299194
901	0.021812360733747482	0.13280488550662994	0.6737087965011597
902	0.021989446133375168	0.1309579461812973	0.6765033006668091
903	0.02156624011695385	0.1301916092634201	0.6774588227272034
904	0.02269088849425316	0.12988346815109253	0.6768403053283691
905	0.023056816309690475	0.1312478631734848	0.674245297908783
906	0.02141229249536991	0.1331169754266739	0.6721248626708984
907	0.02142917923629284	0.13419556617736816	0.6693488359451294
908	0.021505312994122505	0.13282783329486847	0.6677753329277039
909	0.021025072783231735	0.13246089220046997	0.6643456816673279
910	0.022272465750575066	0.13516849279403687	0.6610987782478333
911	0.021276229992508888	0.1333884745836258	0.6674983501434326
912	0.022339681163430214	0.13097700476646423	0.6725248694419861
913	0.02266635186970234	0.1305377036333084	0.6719668507575989
914	0.021950099617242813	0.13199761509895325	0.6680402755737305
915	0.02184903435409069	0.13331902027130127	0.6675431132316589
916	0.02211415208876133	0.13228225708007812	0.6710658669471741
917	0.022367626428604126	0.12899459898471832	0.673791229724884
918	0.021927181631326675	0.12887732684612274	0.6715095043182373
919	0.02266787551343441	0.13117241859436035	0.6706295609474182
920	0.021457726135849953	0.13342086970806122	0.6702110767364502
921	0.02247135154902935	0.13118982315063477	0.6708458662033081
922	0.021594354882836342	0.12949731945991516	0.6697613000869751
923	0.0220530703663826	0.12946772575378418	0.6696290373802185
924	0.02116626314818859	0.13138161599636078	0.6700259447097778
925	0.022059889510273933	0.13388361036777496	0.6698231101036072
926	0.022357847541570663	0.13291795551776886	0.6686418652534485
927	0.022086607292294502	0.1322576105594635	0.6645330190658569
928	0.021685956045985222	0.1316806823015213	0.6650023460388184
929	0.022648215293884277	0.1339152604341507	0.6648990511894226
930	0.021798238158226013	0.1322333961725235	0.669694721698761
931	0.022264018654823303	0.13080690801143646	0.6722822189331055
932	0.02203807234764099	0.13125301897525787	0.6708128452301025
933	0.02183510735630989	0.13281942903995514	0.6680236458778381
934	0.021078772842884064	0.13296619057655334	0.6676884889602661
935	0.02126285620033741	0.13374178111553192	0.6651390790939331
936	0.02222667634487152	0.1313532590866089	0.6693233847618103
937	0.020788831636309624	0.12972362339496613	0.6718615293502808
938	0.021797697991132736	0.1315886229276657	0.6693114042282104
939	0.021619131788611412	0.13365373015403748	0.6649242043495178
940	0.021244414150714874	0.13194958865642548	0.6686931848526001
941	0.02182980626821518	0.1289394348859787	0.6761917471885681
942	0.021994739770889282	0.12925642728805542	0.6773892045021057
943	0.021505562588572502	0.1322595775127411	0.6746798157691956
944	0.021128732711076736	0.13380689918994904	0.6681095957756042
945	0.02176220901310444	0.13315440714359283	0.6628735065460205
946	0.021674741059541702	0.1316990703344345	0.6652971506118774
947	0.022215276956558228	0.13223379850387573	0.6677331924438477
948	0.021331891417503357	0.13363812863826752	0.6682710647583008
949	0.02137511409819126	0.13242654502391815	0.6680366396903992
950	0.02145637944340706	0.1313047856092453	0.6681637763977051
951	0.021870404481887817	0.12977422773838043	0.67258620262146
952	0.021250640973448753	0.12999217212200165	0.6752694845199585
953	0.021547282114624977	0.13086619973182678	0.6770973205566406
954	0.022389914840459824	0.12958592176437378	0.6782181859016418
955	0.0224286075681448	0.13024304807186127	0.6747066378593445
956	0.021183667704463005	0.13366222381591797	0.6643831133842468
957	0.021932268515229225	0.13365331292152405	0.6621111631393433
958	0.022389687597751617	0.13151925802230835	0.6677213311195374
959	0.022351089864969254	0.1310623437166214	0.6710110902786255
960	0.02205594815313816	0.13317328691482544	0.6698110103607178
961	0.02246091701090336	0.13206343352794647	0.6698788404464722
962	0.02111976221203804	0.13123013079166412	0.6692880988121033
963	0.021397985517978668	0.13205000758171082	0.6679562926292419
964	0.02108626998960972	0.13336138427257538	0.6672859787940979
965	0.021154699847102165	0.13220179080963135	0.668224573135376
966	0.02178140915930271	0.1325763612985611	0.6657882928848267
967	0.020647063851356506	0.13276757299900055	0.6633009314537048
968	0.021590877324342728	0.1336292028427124	0.6602038741111755
969	0.02183290757238865	0.13355788588523865	0.6627035140991211
970	0.021645748987793922	0.13165675103664398	0.6679554581642151
971	0.021701421588659286	0.13121984899044037	0.6683791875839233
972	0.021608585491776466	0.13298839330673218	0.6637461185455322
973	0.021698586642742157	0.1347503960132599	0.6580559611320496
974	0.022071465849876404	0.1333593726158142	0.6615256071090698
975	0.02104038931429386	0.13309253752231598	0.6624507904052734
976	0.021389639005064964	0.1325579583644867	0.6661317348480225
977	0.021244093775749207	0.13193057477474213	0.6684354543685913
978	0.021765729412436485	0.13007202744483948	0.6679810881614685
979	0.020187806338071823	0.130427747964859	0.6656026840209961
980	0.020622486248612404	0.13181082904338837	0.6668168306350708
981	0.0210086889564991	0.13346035778522491	0.6681824326515198
982	0.020734278485178947	0.13183464109897614	0.668434739112854
983	0.020949367433786392	0.13223756849765778	0.6645865440368652
984	0.021583227440714836	0.13280820846557617	0.6624125838279724
985	0.02091960608959198	0.13249552249908447	0.6655569672584534
986	0.02119682915508747	0.13280780613422394	0.6685407161712646
987	0.021666433662176132	0.13356170058250427	0.6679316163063049
988	0.02113923616707325	0.13288185000419617	0.6646280884742737
989	0.0203863438218832	0.1330212503671646	0.6599053740501404
990	0.020818131044507027	0.13323362171649933	0.6602417826652527
991	0.02106441743671894	0.13467112183570862	0.6620307564735413
992	0.02197771705687046	0.1346297264099121	0.6648598313331604
993	0.021534375846385956	0.13331617414951324	0.6668623685836792
994	0.021650152280926704	0.1334628164768219	0.6650443077087402
995	0.02166767604649067	0.13380740582942963	0.6616711020469666
996	0.020664280280470848	0.1326664537191391	0.662463366985321
997	0.02183367684483528	0.13120009005069733	0.666089653968811
998	0.021541452035307884	0.13347576558589935	0.6653228402137756
999	0.020496780052781105	0.13658428192138672	0.6640605926513672
1000	0.021564187481999397	0.13327071070671082	0.6674372553825378
1001	0.020997922867536545	0.130203977227211	0.6695033311843872
1002	0.02200278453528881	0.1320784091949463	0.6655521392822266
1003	0.020734485238790512	0.13403616845607758	0.6639506816864014
1004	0.022179534658789635	0.13279208540916443	0.6683760285377502
1005	0.02076876163482666	0.13129016757011414	0.6699351668357849
1006	0.021698905155062675	0.13199153542518616	0.6681715250015259
1007	0.022702323272824287	0.13395801186561584	0.6633612513542175
1008	0.02123304456472397	0.13461701571941376	0.6562539935112
1009	0.02137243188917637	0.13300347328186035	0.6566908359527588
1010	0.022258367389440536	0.1304241269826889	0.6647229790687561
1011	0.022206224501132965	0.13078942894935608	0.6694045662879944
1012	0.02197105996310711	0.1346234828233719	0.6676235795021057
1013	0.022021181881427765	0.13414236903190613	0.6641743779182434
1014	0.0216971542686224	0.13118718564510345	0.6635745167732239
1015	0.020800014957785606	0.13155587017536163	0.6646382808685303
1016	0.020477833226323128	0.13410606980323792	0.6634742617607117
1017	0.022724037989974022	0.13695524632930756	0.6608160734176636
1018	0.022164717316627502	0.13264913856983185	0.6641805171966553
1019	0.021121442317962646	0.13103029131889343	0.664890468120575
1020	0.021820954978466034	0.13444310426712036	0.6618989706039429
1021	0.020757513120770454	0.13641533255577087	0.6596196293830872
1022	0.02201680652797222	0.13149897754192352	0.6678982377052307
1023	0.020701587200164795	0.12869955599308014	0.6724483370780945
1024	0.022518178448081017	0.13042978942394257	0.671220064163208
1025	0.02045758254826069	0.13464951515197754	0.6675248146057129
1026	0.02217070199549198	0.13468734920024872	0.6658450961112976
1027	0.02053331770002842	0.1326444000005722	0.6644324660301208
1028	0.02105254866182804	0.1322336196899414	0.6642416715621948
1029	0.022258933633565903	0.1339416801929474	0.6648344397544861
1030	0.0215046014636755	0.13505370914936066	0.6648818254470825
1031	0.020520327612757683	0.13556218147277832	0.66401207447052
1032	0.021404117345809937	0.13419507443904877	0.6642833948135376
1033	0.021568287163972855	0.1333196759223938	0.6651989817619324
1034	0.020261695608496666	0.1340951770544052	0.6643771529197693
1035	0.02117025852203369	0.13371708989143372	0.6650902032852173
1036	0.020766865462064743	0.13344356417655945	0.6666221022605896
1037	0.020661070942878723	0.132057324051857	0.6670424342155457
1038	0.020731553435325623	0.13300852477550507	0.6643040180206299
1039	0.020874550566077232	0.1337427943944931	0.6625840663909912
1040	0.02068101242184639	0.1348402053117752	0.6628535389900208
1041	0.02063896879553795	0.13269783556461334	0.6661884784698486
1042	0.0210538599640131	0.131312295794487	0.6666383147239685
1043	0.02211267687380314	0.13135391473770142	0.6653084754943848
1044	0.020656123757362366	0.1335715651512146	0.6609896421432495
1045	0.021553076803684235	0.13458260893821716	0.6622605323791504
1046	0.020665869116783142	0.13320189714431763	0.6666383743286133
1047	0.020033612847328186	0.13161581754684448	0.6691092848777771
1048	0.02108975499868393	0.1315193623304367	0.6689906120300293
1049	0.021612485870718956	0.1320151537656784	0.6658642888069153
1050	0.02118627168238163	0.13269668817520142	0.6637188792228699
1051	0.020791836082935333	0.1334843784570694	0.6614769697189331
1052	0.021088387817144394	0.13343819975852966	0.6597849726676941
1053	0.020802579820156097	0.13401806354522705	0.6580212116241455
1054	0.020708676427602768	0.13428370654582977	0.6579702496528625
1055	0.02049737609922886	0.13433602452278137	0.6599644422531128
1056	0.020529698580503464	0.13508211076259613	0.6616390347480774
1057	0.021431880071759224	0.1362897902727127	0.6609797477722168
1058	0.02150075137615204	0.133135586977005	0.6618915796279907
1059	0.020159738138318062	0.13060212135314941	0.663577139377594
1060	0.02081688679754734	0.13063116371631622	0.6648969650268555
1061	0.021798664703965187	0.13217036426067352	0.6671802401542664
1062	0.020382126793265343	0.13262289762496948	0.6706336140632629
1063	0.020166274160146713	0.13088458776474	0.6734811663627625
1064	0.021060528233647346	0.13062717020511627	0.6710826754570007
1065	0.021090039983391762	0.1322786808013916	0.6658257842063904
1066	0.021791324019432068	0.13261210918426514	0.6636587381362915
1067	0.021741202101111412	0.13137860596179962	0.6662604808807373
1068	0.021531231701374054	0.13218307495117188	0.6657236218452454
1069	0.02163158357143402	0.13345053791999817	0.6614652276039124
1070	0.02148205228149891	0.13357409834861755	0.6603498458862305
1071	0.020569855347275734	0.13249628245830536	0.6637617945671082
1072	0.020874815061688423	0.13175846636295319	0.668266773223877
1073	0.021505706012248993	0.13254870474338531	0.6699571013450623
1074	0.021529419347643852	0.13148847222328186	0.6685738563537598
1075	0.020234201103448868	0.1308635175228119	0.6646353602409363
1076	0.022339195013046265	0.1342974156141281	0.6566415429115295
1077	0.022322801873087883	0.13424798846244812	0.6586824655532837
1078	0.02125248871743679	0.1335783749818802	0.6666760444641113
1079	0.02029925398528576	0.13374580442905426	0.6701703071594238
1080	0.021569695323705673	0.13340039551258087	0.670663595199585
1081	0.021889114752411842	0.1312342882156372	0.6700364947319031
1082	0.02066163904964924	0.1306530088186264	0.6676332354545593
1083	0.020952662453055382	0.1316048800945282	0.6671826839447021
1084	0.020737091079354286	0.13207833468914032	0.66985023021698
1085	0.02097981423139572	0.13127750158309937	0.6736657619476318
1086	0.02158907614648342	0.13236090540885925	0.6709147691726685
1087	0.021601324900984764	0.13278016448020935	0.6659882068634033
1088	0.020871441811323166	0.13297829031944275	0.6633032560348511
1089	0.020346248522400856	0.1346329003572464	0.6622442007064819
1090	0.020895443856716156	0.13282707333564758	0.6689828038215637
1091	0.020061533898115158	0.13217759132385254	0.6708201766014099
1092	0.02086891420185566	0.13098059594631195	0.6688380241394043
1093	0.020808154717087746	0.13270621001720428	0.6622874140739441
1094	0.02067021280527115	0.13289029896259308	0.6619402766227722
1095	0.02078200690448284	0.13165707886219025	0.6667522192001343
1096	0.019482597708702087	0.13169538974761963	0.6711640357971191
1097	0.02210269495844841	0.1314254254102707	0.6716141700744629
1098	0.02099776454269886	0.13224734365940094	0.6667444705963135
1099	0.02023877203464508	0.13268506526947021	0.6622572541236877
1100	0.02082485519349575	0.13281574845314026	0.6604254245758057
1101	0.021342802792787552	0.1320129930973053	0.6644618511199951
1102	0.0200691856443882	0.13378484547138214	0.6655107736587524
1103	0.021253244951367378	0.13523827493190765	0.6632874011993408
1104	0.02006126381456852	0.13329356908798218	0.6631959676742554
1105	0.02094993181526661	0.13317124545574188	0.6627271175384521
1106	0.02046184055507183	0.13418623805046082	0.6608996987342834
1107	0.02012844942510128	0.13356450200080872	0.66197669506073
1108	0.020562516525387764	0.13365022838115692	0.6613171100616455
1109	0.020826969295740128	0.13214468955993652	0.6632025241851807
1110	0.021071549504995346	0.13230125606060028	0.6649522185325623
1111	0.020829470828175545	0.13527318835258484	0.6642869710922241
1112	0.020386574789881706	0.13443388044834137	0.6657838225364685
1113	0.02005007676780224	0.13248272240161896	0.6664562821388245
1114	0.019925212487578392	0.1326332837343216	0.6653537750244141
1115	0.021147413179278374	0.13245362043380737	0.6667234897613525
1116	0.020637938752770424	0.1310436874628067	0.6683435440063477
1117	0.019788574427366257	0.13044780492782593	0.6693666577339172
1118	0.021029764786362648	0.1320738047361374	0.6694566011428833
1119	0.01994401216506958	0.13309839367866516	0.6683769822120667
1120	0.021217739209532738	0.1310720592737198	0.6691625118255615
1121	0.0199775118380785	0.1308208853006363	0.6672376394271851
1122	0.02067422680556774	0.1340402513742447	0.6607078313827515
1123	0.02108294889330864	0.13358013331890106	0.6596091985702515
1124	0.02025473862886429	0.13299988210201263	0.6605902910232544
1125	0.019505659118294716	0.13387304544448853	0.6606462597846985
1126	0.020180849358439445	0.13374760746955872	0.6605865359306335
1127	0.020768053829669952	0.13323931396007538	0.6603384017944336
1128	0.020870326086878777	0.13285104930400848	0.6602185964584351
1129	0.020515311509370804	0.1342129111289978	0.6602206826210022
1130	0.02098468877375126	0.13456250727176666	0.6606974005699158
1131	0.02173202857375145	0.13234005868434906	0.6656016707420349
1132	0.0208059661090374	0.13110776245594025	0.6665786504745483
1133	0.019953729584813118	0.13271774351596832	0.6656022667884827
1134	0.019955463707447052	0.13345782458782196	0.6643806099891663
1135	0.020600980147719383	0.13245749473571777	0.6642308235168457
1136	0.020370103418827057	0.1324535757303238	0.6631613969802856
1137	0.02060197852551937	0.1328178495168686	0.663237452507019
1138	0.020744042471051216	0.13361109793186188	0.6656680703163147
