epoch	train_loss	test_loss	test_metric
0	0.29691770672798157	0.4661921560764313	0.4324694573879242
1	0.2522053122520447	0.4337216913700104	0.42471256852149963
2	0.21260026097297668	0.39839765429496765	0.4094396233558655
3	0.18174540996551514	0.3643665015697479	0.40027913451194763
4	0.16134969890117645	0.3354220390319824	0.3977607190608978
5	0.14667274057865143	0.3100404739379883	0.40231966972351074
6	0.13995952904224396	0.28772401809692383	0.4104842245578766
7	0.13451898097991943	0.27459216117858887	0.4178677499294281
8	0.13114991784095764	0.27090680599212646	0.4203125536441803
9	0.12813322246074677	0.25789836049079895	0.42390936613082886
10	0.12460210174322128	0.24034304916858673	0.4292280375957489
11	0.11941422522068024	0.23081277310848236	0.4306236505508423
12	0.11565033346414566	0.23165753483772278	0.4287498891353607
13	0.11253181099891663	0.23097437620162964	0.42630717158317566
14	0.10967589169740677	0.22261516749858856	0.4274340867996216
15	0.10686124116182327	0.21575261652469635	0.4290735721588135
16	0.10721950232982635	0.21639470756053925	0.42957803606987
17	0.10274901986122131	0.21497774124145508	0.43168407678604126
18	0.10053147375583649	0.20939567685127258	0.435841828584671
19	0.09688574075698853	0.21090692281723022	0.4370163381099701
20	0.0946398675441742	0.2110045999288559	0.43842795491218567
21	0.093241848051548	0.20633932948112488	0.4395585358142853
22	0.09113720059394836	0.20445255935192108	0.4396724998950958
23	0.09095317125320435	0.20829662680625916	0.43793508410453796
24	0.09113442152738571	0.20877976715564728	0.43694522976875305
25	0.08934492617845535	0.20072001218795776	0.43861350417137146
26	0.08652795106172562	0.203878715634346	0.4378584921360016
27	0.0851609855890274	0.20708425343036652	0.4375055134296417
28	0.08438378572463989	0.19876274466514587	0.4411865770816803
29	0.08405376225709915	0.19927799701690674	0.4425179958343506
30	0.08218693733215332	0.20659391582012177	0.44198617339134216
31	0.08259285986423492	0.20256178081035614	0.44423672556877136
32	0.07965905964374542	0.19364164769649506	0.4485490918159485
33	0.08007991313934326	0.19363832473754883	0.45102041959762573
34	0.07798634469509125	0.19818268716335297	0.45281267166137695
35	0.07937170565128326	0.19363954663276672	0.45541971921920776
36	0.07625491172075272	0.1896710991859436	0.4566717743873596
37	0.07654567807912827	0.19191330671310425	0.45982807874679565
38	0.074894018471241	0.19226975739002228	0.46172112226486206
39	0.07469948381185532	0.18591810762882233	0.4622526466846466
40	0.07443313300609589	0.1849672943353653	0.46416664123535156
41	0.07441145181655884	0.18888765573501587	0.4668232202529907
42	0.07337398082017899	0.18880584836006165	0.4682949483394623
43	0.07126262038946152	0.18952277302742004	0.4663456976413727
44	0.07120954245328903	0.19209134578704834	0.46650853753089905
45	0.0712030753493309	0.19511082768440247	0.4691685736179352
46	0.06952077150344849	0.18705138564109802	0.4706674814224243
47	0.06970914453268051	0.18009628355503082	0.47296831011772156
48	0.06900172680616379	0.17758521437644958	0.4772608280181885
49	0.06611648201942444	0.1772758662700653	0.48021093010902405
50	0.0682884156703949	0.17521944642066956	0.482316792011261
51	0.06806012988090515	0.17606081068515778	0.48337581753730774
52	0.06550037115812302	0.17842134833335876	0.48519015312194824
53	0.06528980284929276	0.17876555025577545	0.4846811592578888
54	0.06565094739198685	0.17839226126670837	0.48420995473861694
55	0.06335264444351196	0.17758074402809143	0.4851214587688446
56	0.06356813758611679	0.17691631615161896	0.4879496991634369
57	0.06308570504188538	0.1764240860939026	0.4898202419281006
58	0.06425771117210388	0.17675963044166565	0.4924564063549042
59	0.06312080472707748	0.17492733895778656	0.4943135380744934
60	0.0624859556555748	0.17481480538845062	0.4954279661178589
61	0.062470320612192154	0.17300745844841003	0.49639683961868286
62	0.0601191446185112	0.1704823076725006	0.49602872133255005
63	0.060217179358005524	0.16884295642375946	0.49529531598091125
64	0.05947500839829445	0.17056187987327576	0.49667713046073914
65	0.06010422483086586	0.17450399696826935	0.49922025203704834
66	0.06079960614442825	0.1715547740459442	0.4968951642513275
67	0.059899840503931046	0.17097532749176025	0.4970381259918213
68	0.06130675971508026	0.1718212366104126	0.5033131241798401
69	0.060494694858789444	0.16802974045276642	0.5023732781410217
70	0.057954877614974976	0.1649620085954666	0.49759453535079956
71	0.05910242721438408	0.1668573021888733	0.49712687730789185
72	0.056988589465618134	0.17167407274246216	0.49689581990242004
73	0.06101522594690323	0.16927941143512726	0.4971546530723572
74	0.056315094232559204	0.16866090893745422	0.4952603280544281
75	0.05811966210603714	0.17113959789276123	0.4970722198486328
76	0.05599803477525711	0.17095598578453064	0.4973303973674774
77	0.05839373171329498	0.16673585772514343	0.4955406188964844
78	0.05441870540380478	0.16545259952545166	0.49504008889198303
79	0.05515693128108978	0.16605354845523834	0.4989524185657501
80	0.054799702018499374	0.16370542347431183	0.5023043155670166
81	0.05429467558860779	0.1615445613861084	0.5048739314079285
82	0.05374227464199066	0.16210554540157318	0.5072524547576904
83	0.053898926824331284	0.16526275873184204	0.5090709328651428
84	0.05509736016392708	0.16294284164905548	0.5059283971786499
85	0.0513780415058136	0.16320259869098663	0.5003319978713989
86	0.052926819771528244	0.1668388694524765	0.49618321657180786
87	0.05294129252433777	0.16797642409801483	0.493917852640152
88	0.05310927703976631	0.16628390550613403	0.4932106137275696
89	0.050507862120866776	0.16463227570056915	0.4944444000720978
90	0.050826296210289	0.1639074683189392	0.4961868226528168
91	0.05233335867524147	0.16216662526130676	0.4969419538974762
92	0.05091659724712372	0.16053444147109985	0.4975421130657196
93	0.05098087340593338	0.1601315438747406	0.4970155358314514
94	0.05103960260748863	0.1623912900686264	0.4954551160335541
95	0.05222350358963013	0.16149894893169403	0.49758443236351013
96	0.050182417035102844	0.16194391250610352	0.4987359941005707
97	0.053220730274915695	0.16533130407333374	0.4990663230419159
98	0.04947129637002945	0.16852456331253052	0.49881166219711304
99	0.05064884200692177	0.16667960584163666	0.49793294072151184
100	0.04945219308137894	0.1655915528535843	0.4969121813774109
101	0.04998333007097244	0.1647975593805313	0.4980214834213257
102	0.05014174059033394	0.16123314201831818	0.4981811046600342
103	0.04969890043139458	0.1600264459848404	0.49705109000205994
104	0.05074035003781319	0.1617501676082611	0.4960074722766876
105	0.04938166216015816	0.16243372857570648	0.4960937201976776
106	0.04821419343352318	0.1612076759338379	0.4953095018863678
107	0.04674394428730011	0.1615142524242401	0.4959900379180908
108	0.0489620678126812	0.1640685647726059	0.49684658646583557
109	0.047910425812006	0.16311059892177582	0.4966231882572174
110	0.04795053228735924	0.15903808176517487	0.4978538453578949
111	0.048366811126470566	0.15846474468708038	0.49849164485931396
112	0.04690777510404587	0.1618882417678833	0.49605974555015564
113	0.05015695467591286	0.16220904886722565	0.4985256791114807
114	0.04598134383559227	0.16182097792625427	0.4990999400615692
115	0.04872741922736168	0.16239066421985626	0.5002214908599854
116	0.0472746305167675	0.16338954865932465	0.49864497780799866
117	0.048377495259046555	0.1593119353055954	0.4952842593193054
118	0.045879583805799484	0.15849290788173676	0.49426186084747314
119	0.048261672258377075	0.1602187156677246	0.49322590231895447
120	0.04504736512899399	0.16317437589168549	0.492652952671051
121	0.04925232008099556	0.1648148149251938	0.49355557560920715
122	0.04543762281537056	0.1662621796131134	0.4914429485797882
123	0.048230286687612534	0.16904336214065552	0.49127206206321716
124	0.0453362800180912	0.1671002209186554	0.49205562472343445
125	0.046223096549510956	0.16224123537540436	0.49368125200271606
126	0.04371379315853119	0.1597028374671936	0.49574366211891174
127	0.045506227761507034	0.15988408029079437	0.49602338671684265
128	0.04470645263791084	0.16072940826416016	0.4968220889568329
129	0.04514993354678154	0.16099873185157776	0.49795055389404297
130	0.04445931687951088	0.16275013983249664	0.49496299028396606
131	0.045560602098703384	0.16329780220985413	0.49196264147758484
132	0.044559039175510406	0.16324381530284882	0.49081969261169434
133	0.04341737553477287	0.16117256879806519	0.4929369390010834
134	0.043837957084178925	0.15978513658046722	0.4964698553085327
135	0.04410935565829277	0.15938399732112885	0.4992208182811737
136	0.04189746826887131	0.1580800563097	0.5012320280075073
137	0.043655913323163986	0.15681180357933044	0.5021736025810242
138	0.041071657091379166	0.15551668405532837	0.5019137859344482
139	0.043034933507442474	0.15713568031787872	0.501793622970581
140	0.04219570383429527	0.1609228104352951	0.5002924203872681
141	0.04353148117661476	0.1625036597251892	0.49869289994239807
142	0.04065863788127899	0.16255317628383636	0.4966948926448822
143	0.04258842393755913	0.16365255415439606	0.495380163192749
144	0.04085619002580643	0.16188585758209229	0.49491170048713684
145	0.04270990192890167	0.15978074073791504	0.49769508838653564
146	0.0414140485227108	0.15939496457576752	0.5001217722892761
147	0.04241045564413071	0.16033239662647247	0.5015516877174377
148	0.04002721607685089	0.15867763757705688	0.5034284591674805
149	0.04230230301618576	0.15623605251312256	0.5036671757698059
150	0.04269656911492348	0.15570227801799774	0.5026454925537109
151	0.04133487865328789	0.15762943029403687	0.4982161819934845
152	0.04284140095114708	0.15945211052894592	0.4968539774417877
153	0.041813042014837265	0.16037075221538544	0.49649500846862793
154	0.0410580150783062	0.16155403852462769	0.4949568510055542
155	0.040025003254413605	0.16198819875717163	0.4931430518627167
156	0.04161614552140236	0.15956313908100128	0.4929730296134949
157	0.0402490496635437	0.15674205124378204	0.49508923292160034
158	0.04067385569214821	0.15611451864242554	0.4958305358886719
159	0.039931297302246094	0.15675491094589233	0.4969448149204254
160	0.04147517681121826	0.15758973360061646	0.49943938851356506
161	0.039498962461948395	0.1595952957868576	0.4996902644634247
162	0.04095844924449921	0.16138261556625366	0.49872303009033203
163	0.03999191150069237	0.16363203525543213	0.49588826298713684
164	0.039017051458358765	0.16153089702129364	0.4922211766242981
165	0.03992553427815437	0.15990795195102692	0.4905124306678772
166	0.0394812747836113	0.16064900159835815	0.48861005902290344
167	0.039511073380708694	0.1615419238805771	0.4896712601184845
168	0.04003579169511795	0.16281622648239136	0.4947892725467682
169	0.03939521312713623	0.1625455617904663	0.5003672242164612
170	0.03852684423327446	0.15963128209114075	0.5031636357307434
171	0.039819758385419846	0.15647247433662415	0.5035967230796814
172	0.03878261148929596	0.15477706491947174	0.5022516846656799
173	0.03955165296792984	0.15489797294139862	0.5015575289726257
174	0.039578016847372055	0.15523509681224823	0.5000038743019104
175	0.039611004292964935	0.15636686980724335	0.49831587076187134
176	0.03999168425798416	0.15695621073246002	0.4960536062717438
177	0.03961857780814171	0.15785065293312073	0.4952482283115387
178	0.0397329144179821	0.15829508006572723	0.49561169743537903
179	0.03861185535788536	0.15877139568328857	0.4946678876876831
180	0.03873453661799431	0.158338725566864	0.494708389043808
181	0.03793429583311081	0.1578182727098465	0.49452412128448486
182	0.038043610751628876	0.1586199253797531	0.4950452744960785
183	0.038957804441452026	0.15663519501686096	0.49594825506210327
184	0.037710268050432205	0.15533362329006195	0.4965059161186218
185	0.04053204879164696	0.1560675948858261	0.4954260587692261
186	0.037063051015138626	0.15648385882377625	0.4946061372756958
187	0.03821207582950592	0.15683023631572723	0.4956601858139038
188	0.037906285375356674	0.15820761024951935	0.496717244386673
189	0.037772659212350845	0.15915369987487793	0.4998897910118103
190	0.038168564438819885	0.1562361866235733	0.5022287368774414
191	0.037769727408885956	0.15520323812961578	0.5015777945518494
192	0.03876226022839546	0.15527744591236115	0.49970918893814087
193	0.036264918744564056	0.15661077201366425	0.4951358139514923
194	0.03655102849006653	0.15787525475025177	0.49159708619117737
195	0.03762952983379364	0.15960793197155	0.48841360211372375
196	0.03810109943151474	0.1605476588010788	0.48699328303337097
197	0.03835639730095863	0.1587793380022049	0.4906751215457916
198	0.03686000034213066	0.15569405257701874	0.49544113874435425
199	0.039353203028440475	0.1559550017118454	0.49731510877609253
200	0.03675316274166107	0.15802589058876038	0.4977635145187378
201	0.03815138712525368	0.1585940271615982	0.49439477920532227
202	0.03731521964073181	0.15663941204547882	0.49378642439842224
203	0.039947260171175	0.15533627569675446	0.49430543184280396
204	0.037432342767715454	0.15721610188484192	0.4914700388908386
205	0.039622142910957336	0.15758222341537476	0.49497875571250916
206	0.03683597221970558	0.15891091525554657	0.4954054653644562
207	0.0378994345664978	0.16070882976055145	0.4947265088558197
208	0.03739853575825691	0.16130611300468445	0.4953136444091797
209	0.037511326372623444	0.15785416960716248	0.49724873900413513
210	0.035564620047807693	0.1547974944114685	0.500424861907959
211	0.03702344372868538	0.1524459719657898	0.5038055181503296
212	0.03654078394174576	0.15225185453891754	0.5046727061271667
213	0.0370098277926445	0.15416347980499268	0.5031623840332031
214	0.03635624796152115	0.15670756995677948	0.49930328130722046
215	0.03588070347905159	0.16001233458518982	0.4930870831012726
216	0.03571615368127823	0.16190698742866516	0.4871194660663605
217	0.0375668928027153	0.16427266597747803	0.48113593459129333
218	0.035412583500146866	0.16474860906600952	0.4784873425960541
219	0.03459246829152107	0.1614559292793274	0.4829108715057373
220	0.03616084158420563	0.15930883586406708	0.484740674495697
221	0.0353880301117897	0.1559240221977234	0.48977890610694885
222	0.03540506213903427	0.15156026184558868	0.49884137511253357
223	0.0347406305372715	0.15118157863616943	0.5036470293998718
224	0.035068195313215256	0.15242476761341095	0.5019004940986633
225	0.03526794910430908	0.15505333244800568	0.4969782829284668
226	0.03509904444217682	0.15790854394435883	0.49151611328125
227	0.03401297330856323	0.1613004356622696	0.48806995153427124
228	0.03445621207356453	0.16189484298229218	0.4885881245136261
229	0.03486553952097893	0.16046284139156342	0.4922451078891754
230	0.03387734666466713	0.15855877101421356	0.49654796719551086
231	0.03385945037007332	0.15750299394130707	0.49887582659721375
232	0.03547143191099167	0.15659700334072113	0.4990245997905731
233	0.03356456756591797	0.15707077085971832	0.49645912647247314
234	0.033732444047927856	0.15722781419754028	0.49358734488487244
235	0.03505692258477211	0.1582893431186676	0.4908861219882965
236	0.03429797291755676	0.15875300765037537	0.4891739785671234
237	0.034217119216918945	0.15890516340732574	0.4897630214691162
238	0.033644817769527435	0.15780910849571228	0.4938403367996216
239	0.03397764265537262	0.15650756657123566	0.4954429864883423
240	0.033875565975904465	0.15680238604545593	0.4960899353027344
241	0.03291919454932213	0.1582440882921219	0.49451395869255066
242	0.03376924246549606	0.16040661931037903	0.4910387098789215
243	0.033966682851314545	0.1606948971748352	0.4885433614253998
244	0.03443456441164017	0.15804506838321686	0.4904475510120392
245	0.0333627387881279	0.154900461435318	0.491948664188385
246	0.03288649395108223	0.1544845998287201	0.490267276763916
247	0.03393249586224556	0.15462768077850342	0.4902520179748535
248	0.03292104974389076	0.15458528697490692	0.491675466299057
249	0.03475569933652878	0.15628942847251892	0.49019742012023926
250	0.03445284068584442	0.15677660703659058	0.489593505859375
251	0.03290896490216255	0.15606734156608582	0.4911787509918213
252	0.033724989742040634	0.1556394100189209	0.49378731846809387
253	0.032794300466775894	0.1557234674692154	0.49495720863342285
254	0.032589446753263474	0.1553451269865036	0.49930867552757263
255	0.0326620414853096	0.15437543392181396	0.503962516784668
256	0.033682264387607574	0.1541711688041687	0.5049787759780884
257	0.03265102207660675	0.15306873619556427	0.505679726600647
258	0.033613886684179306	0.15213792026042938	0.5068594813346863
259	0.033670149743556976	0.15358251333236694	0.5046058893203735
260	0.03572017326951027	0.15640537440776825	0.49942997097969055
261	0.03332262858748436	0.15922212600708008	0.4941851496696472
262	0.03389302268624306	0.1570264846086502	0.4944334328174591
263	0.03250925615429878	0.15698356926441193	0.4949493706226349
264	0.03564927354454994	0.15723782777786255	0.49544286727905273
265	0.034675247967243195	0.15672676265239716	0.4950005114078522
266	0.032000478357076645	0.15613426268100739	0.4933207631111145
267	0.034017279744148254	0.15864236652851105	0.48871809244155884
268	0.033139508217573166	0.15930041670799255	0.4871728718280792
269	0.03388232737779617	0.1551358699798584	0.4937734007835388
270	0.03357316181063652	0.1538725048303604	0.49654069542884827
271	0.03372924402356148	0.15565630793571472	0.496011346578598
272	0.03227551653981209	0.15767213702201843	0.49524378776550293
273	0.03277868032455444	0.15648619830608368	0.49569568037986755
274	0.031050225719809532	0.15628693997859955	0.4936824142932892
275	0.03146795555949211	0.15794013440608978	0.48973649740219116
276	0.032534826546907425	0.1592007726430893	0.4876551926136017
277	0.03191785141825676	0.1599959284067154	0.4867262840270996
278	0.03225988894701004	0.16020938754081726	0.4856738746166229
279	0.032311465591192245	0.16067524254322052	0.4830864369869232
280	0.03297038748860359	0.15952450037002563	0.484381765127182
281	0.032846398651599884	0.1563064455986023	0.49104732275009155
282	0.032168835401535034	0.15382444858551025	0.49579229950904846
283	0.032551467418670654	0.15397748351097107	0.494767963886261
284	0.03260897845029831	0.15365709364414215	0.4928121268749237
285	0.03362675756216049	0.15373468399047852	0.4922100305557251
286	0.03219570964574814	0.15662303566932678	0.4867754280567169
287	0.03202623873949051	0.15842227637767792	0.48462221026420593
288	0.031971074640750885	0.15561142563819885	0.4887505769729614
289	0.03159235790371895	0.1520824432373047	0.4940321743488312
290	0.03129146248102188	0.15101246535778046	0.49570050835609436
291	0.03159073367714882	0.15234684944152832	0.49215343594551086
292	0.03314796835184097	0.15262453258037567	0.49144139885902405
293	0.03057483583688736	0.15560778975486755	0.48612284660339355
294	0.03154858201742172	0.16157148778438568	0.47758185863494873
295	0.03241156414151192	0.16055861115455627	0.481037437915802
296	0.03259649872779846	0.158571258187294	0.486804336309433
297	0.030948899686336517	0.15738414227962494	0.4910239577293396
298	0.030401989817619324	0.15588654577732086	0.49319764971733093
299	0.031908441334962845	0.15450389683246613	0.49267053604125977
300	0.030943281948566437	0.1531911939382553	0.49321895837783813
301	0.03138095885515213	0.15337125957012177	0.4928801953792572
302	0.03152502700686455	0.15570445358753204	0.48916560411453247
303	0.03204645216464996	0.15610134601593018	0.4908800721168518
304	0.031093737110495567	0.15632160007953644	0.4934179484844208
305	0.03059217892587185	0.15711119771003723	0.49474653601646423
306	0.03077775426208973	0.15571333467960358	0.49634483456611633
307	0.0308845154941082	0.1554393321275711	0.495349258184433
308	0.03122754767537117	0.155563086271286	0.4929836392402649
309	0.030979353934526443	0.1547907143831253	0.49448826909065247
310	0.031310856342315674	0.15396079421043396	0.4961782991886139
311	0.03134125471115112	0.1526249647140503	0.4985840916633606
312	0.031010854989290237	0.15148310363292694	0.5004836320877075
313	0.03174523636698723	0.1512327343225479	0.499492347240448
314	0.02993728779256344	0.15268269181251526	0.4956006407737732
315	0.030247144401073456	0.15409426391124725	0.4920872747898102
316	0.029456116259098053	0.1547200083732605	0.4910060167312622
317	0.030862554907798767	0.1535547822713852	0.49185970425605774
318	0.030476199463009834	0.15288059413433075	0.4933754503726959
319	0.030783746391534805	0.15216170251369476	0.4944617450237274
320	0.029717355966567993	0.15311092138290405	0.4920716881752014
321	0.030011575669050217	0.15380001068115234	0.4899737238883972
322	0.030179336667060852	0.1535169631242752	0.48904919624328613
323	0.029885699972510338	0.1533714383840561	0.49002936482429504
324	0.030682865530252457	0.15269432961940765	0.4914584159851074
325	0.030024778097867966	0.1509362757205963	0.49307751655578613
326	0.029545854777097702	0.15129607915878296	0.493908554315567
327	0.029901690781116486	0.15384988486766815	0.4915858805179596
328	0.03011241741478443	0.1562143713235855	0.4897211790084839
329	0.031761445105075836	0.15548783540725708	0.4904783070087433
330	0.028845565393567085	0.15313099324703217	0.49130064249038696
331	0.03085923194885254	0.15285153687000275	0.49119946360588074
332	0.031166203320026398	0.15286394953727722	0.4917120933532715
333	0.030445072799921036	0.15322816371917725	0.4914027154445648
334	0.02911699004471302	0.15566673874855042	0.48912492394447327
335	0.030300499871373177	0.15770666301250458	0.48684895038604736
336	0.031469620764255524	0.1560431867837906	0.4877583384513855
337	0.031600140035152435	0.15297287702560425	0.4927895665168762
338	0.030522838234901428	0.1520506739616394	0.495715856552124
339	0.03155222907662392	0.1528172343969345	0.4936339557170868
340	0.029909426346421242	0.15457865595817566	0.4890991747379303
341	0.029400868341326714	0.15730327367782593	0.4818088412284851
342	0.03058357536792755	0.158648282289505	0.47855067253112793
343	0.03114629164338112	0.156206414103508	0.4825924336910248
344	0.03002171777188778	0.1538393348455429	0.4872369170188904
345	0.03089280240237713	0.1524631232023239	0.49152013659477234
346	0.03080512024462223	0.15467946231365204	0.49017706513404846
347	0.029374998062849045	0.15804068744182587	0.48447898030281067
348	0.030657878145575523	0.15528911352157593	0.4852491021156311
349	0.028760842978954315	0.15292759239673615	0.4860123097896576
350	0.030736934393644333	0.15570050477981567	0.4807261824607849
351	0.02915852703154087	0.15653669834136963	0.48194941878318787
352	0.030304236337542534	0.15546360611915588	0.4865415692329407
353	0.02977834828197956	0.15631771087646484	0.4870453178882599
354	0.0291316956281662	0.15594391524791718	0.4875837564468384
355	0.0298861563205719	0.15442225337028503	0.4880836308002472
356	0.029776139184832573	0.1545019894838333	0.48732054233551025
357	0.030115194618701935	0.15533773601055145	0.48432448506355286
358	0.028910139575600624	0.1562187373638153	0.48344114422798157
359	0.029543975368142128	0.15666618943214417	0.4829457104206085
360	0.02893909253180027	0.15602383017539978	0.48319682478904724
361	0.029698023572564125	0.15606191754341125	0.48143133521080017
362	0.027701398357748985	0.15542370080947876	0.4808725416660309
363	0.02921386808156967	0.154485285282135	0.4817321002483368
364	0.029004979878664017	0.1544584184885025	0.4802744686603546
365	0.028861746191978455	0.15523932874202728	0.4804827868938446
366	0.030487902462482452	0.1545037180185318	0.4825984537601471
367	0.02803286537528038	0.15263010561466217	0.48437604308128357
368	0.028495118021965027	0.1539461612701416	0.48368045687675476
369	0.02849787287414074	0.1548624187707901	0.4833541512489319
370	0.02859523519873619	0.15616224706172943	0.4817204475402832
371	0.028419163078069687	0.15777134895324707	0.4778830111026764
372	0.0285949669778347	0.15779022872447968	0.47526663541793823
373	0.029120368883013725	0.1564459502696991	0.47676336765289307
374	0.02885538339614868	0.15445171296596527	0.4809798002243042
375	0.029841959476470947	0.15381278097629547	0.4826524257659912
376	0.02897506393492222	0.15561315417289734	0.4797274172306061
377	0.027828408405184746	0.15704815089702606	0.47482043504714966
378	0.02820752002298832	0.1564982831478119	0.47341275215148926
379	0.028117917478084564	0.15499739348888397	0.4754876494407654
380	0.02794000506401062	0.15468133985996246	0.4782116413116455
381	0.029557647183537483	0.15511247515678406	0.4808180034160614
382	0.028892556205391884	0.15649603307247162	0.4792180061340332
383	0.02863185666501522	0.15888872742652893	0.47452035546302795
384	0.028307368978857994	0.15922139585018158	0.4716578722000122
385	0.02911805734038353	0.15592099726200104	0.4765469431877136
386	0.028382008895277977	0.153545081615448	0.4823072552680969
387	0.02760041505098343	0.15260197222232819	0.4851779639720917
388	0.02898651733994484	0.15268564224243164	0.4846709668636322
389	0.028939682990312576	0.15382073819637299	0.48279812932014465
390	0.027543598785996437	0.15465719997882843	0.48048222064971924
391	0.028636520728468895	0.15604999661445618	0.4780646860599518
392	0.0280389953404665	0.15594294667243958	0.4764542281627655
393	0.028232324868440628	0.1536787897348404	0.4769437313079834
394	0.028654716908931732	0.1524953991174698	0.4770413637161255
395	0.030592383816838264	0.15321485698223114	0.4725680649280548
396	0.028548603877425194	0.15391822159290314	0.4712793827056885
397	0.028738947585225105	0.15416036546230316	0.4718577563762665
398	0.02917422540485859	0.1556156873703003	0.4701352119445801
399	0.028546161949634552	0.1570054590702057	0.4688396453857422
400	0.028012728318572044	0.15681755542755127	0.46930015087127686
401	0.028313448652625084	0.1575794517993927	0.46738019585609436
402	0.027925310656428337	0.15844063460826874	0.46597349643707275
403	0.027939895167946815	0.15801219642162323	0.46810972690582275
404	0.027580244466662407	0.15759490430355072	0.4727029502391815
405	0.02732221782207489	0.15535733103752136	0.4796026051044464
406	0.028120405972003937	0.1536599099636078	0.48511362075805664
407	0.027944693341851234	0.15336482226848602	0.4861561059951782
408	0.02737540379166603	0.15461744368076324	0.48310521245002747
409	0.02870921790599823	0.156344935297966	0.47930699586868286
410	0.02747543528676033	0.1577024608850479	0.4769847095012665
411	0.027621924877166748	0.15753641724586487	0.4750604033470154
412	0.028733717277646065	0.15706485509872437	0.474220871925354
413	0.029117397964000702	0.15495415031909943	0.4773791432380676
414	0.027769558131694794	0.15252453088760376	0.4818015694618225
415	0.026610571891069412	0.15226447582244873	0.4833781123161316
416	0.027788251638412476	0.1536186784505844	0.4818280041217804
417	0.028050659224390984	0.1544518619775772	0.4789251685142517
418	0.028188955038785934	0.1569024622440338	0.4733910858631134
419	0.02712451107800007	0.15869151055812836	0.4688170552253723
420	0.03002885729074478	0.1572803556919098	0.4718377888202667
421	0.027641749009490013	0.155216783285141	0.4764626920223236
422	0.02987133525311947	0.15499360859394073	0.47641631960868835
423	0.02854984626173973	0.15433819591999054	0.4776358902454376
424	0.028366930782794952	0.15309716761112213	0.47846338152885437
425	0.0276029072701931	0.15324731171131134	0.4782707393169403
426	0.02860897406935692	0.15445736050605774	0.4763380289077759
427	0.027526045218110085	0.15642789006233215	0.47460949420928955
428	0.029794715344905853	0.15590766072273254	0.47641611099243164
429	0.027636799961328506	0.15408974885940552	0.4806935787200928
430	0.028637610375881195	0.15400516986846924	0.4809459149837494
431	0.028224604204297066	0.15533669292926788	0.4779203534126282
432	0.03021329455077648	0.1550235003232956	0.47807568311691284
433	0.027821319177746773	0.15395568311214447	0.47937294840812683
434	0.030262747779488564	0.1557551771402359	0.4764339327812195
435	0.027054710313677788	0.15707561373710632	0.47574350237846375
436	0.029180647805333138	0.1554667055606842	0.4789871573448181
437	0.026612961664795876	0.15365542471408844	0.48152437806129456
438	0.027502980083227158	0.15325616300106049	0.47866642475128174
439	0.02833617851138115	0.1543397307395935	0.47505441308021545
440	0.028356529772281647	0.1550932675600052	0.4736928343772888
441	0.028564371168613434	0.1562022715806961	0.47072044014930725
442	0.02824043668806553	0.15665961802005768	0.46765604615211487
443	0.027711451053619385	0.1552741974592209	0.4673759639263153
444	0.027263304218649864	0.15451763570308685	0.4673677086830139
445	0.02645171247422695	0.15432532131671906	0.46739864349365234
446	0.02634115144610405	0.15431435406208038	0.46727925539016724
447	0.02723999321460724	0.15411376953125	0.4683806002140045
448	0.026893891394138336	0.1535959094762802	0.46944743394851685
449	0.02824849635362625	0.15349990129470825	0.4694163501262665
450	0.026671113446354866	0.15292970836162567	0.47041136026382446
451	0.027388058602809906	0.15167614817619324	0.4746762216091156
452	0.0265504103153944	0.15284273028373718	0.47454169392585754
453	0.028265753760933876	0.15447266399860382	0.47127607464790344
454	0.027588916942477226	0.15381190180778503	0.4684281647205353
455	0.026697693392634392	0.1536272168159485	0.46489861607551575
456	0.02680622600018978	0.1554977297782898	0.45880284905433655
457	0.027308208867907524	0.1552579402923584	0.4588976800441742
458	0.028253037482500076	0.15380625426769257	0.46343642473220825
459	0.02636643312871456	0.1520737260580063	0.46721333265304565
460	0.02595665119588375	0.15107406675815582	0.47014355659484863
461	0.026454728096723557	0.15279683470726013	0.46816709637641907
462	0.026509974151849747	0.15551313757896423	0.46482351422309875
463	0.026445096358656883	0.1571199744939804	0.4629631042480469
464	0.026819836348295212	0.1573868691921234	0.4633234143257141
465	0.02736017294228077	0.15640608966350555	0.4645032584667206
466	0.026803171262145042	0.15493223071098328	0.4669075608253479
467	0.02744661644101143	0.1537795215845108	0.4698403775691986
468	0.027964960783720016	0.1541254222393036	0.4690832197666168
469	0.02671739086508751	0.1567215770483017	0.4640487730503082
470	0.02774810791015625	0.15754151344299316	0.4626043736934662
471	0.02590755559504032	0.15684734284877777	0.46362870931625366
472	0.026867404580116272	0.15653881430625916	0.4639517068862915
473	0.025500508025288582	0.153766930103302	0.4685109853744507
474	0.026784885674715042	0.15290197730064392	0.4704953730106354
475	0.027245445176959038	0.15364035964012146	0.4670175611972809
476	0.02648215927183628	0.1546923816204071	0.4623103141784668
477	0.026209814473986626	0.15519975125789642	0.45967355370521545
478	0.02633514441549778	0.15614430606365204	0.45841196179389954
479	0.02614988386631012	0.1567389816045761	0.4592408835887909
480	0.026750916615128517	0.15640655159950256	0.4610997140407562
481	0.02642769366502762	0.1536180078983307	0.4658581614494324
482	0.02684468775987625	0.15154220163822174	0.4700709879398346
483	0.02665499784052372	0.1515480875968933	0.47056642174720764
484	0.02684394083917141	0.15088316798210144	0.4733080267906189
485	0.027286414057016373	0.15085166692733765	0.4758775532245636
486	0.02654588781297207	0.1517079770565033	0.47564777731895447
487	0.025644561275839806	0.1532500833272934	0.47501981258392334
488	0.027099058032035828	0.15410028398036957	0.4740651249885559
489	0.025643348693847656	0.15472987294197083	0.4717690646648407
490	0.026803424581885338	0.15415969491004944	0.46931135654449463
491	0.025921301916241646	0.15479210019111633	0.4657711684703827
492	0.02585660293698311	0.15546779334545135	0.46428436040878296
493	0.02626226656138897	0.15662387013435364	0.46219682693481445
494	0.02579231932759285	0.15799279510974884	0.45901691913604736
495	0.02658691816031933	0.1588057428598404	0.4564637541770935
496	0.027276335284113884	0.1576492190361023	0.4565204977989197
497	0.02705225721001625	0.1575860232114792	0.4563136100769043
498	0.02667335420846939	0.15596303343772888	0.4617074728012085
499	0.027128737419843674	0.15487730503082275	0.46537065505981445
500	0.026357382535934448	0.15393304824829102	0.4700045883655548
501	0.02571689337491989	0.1536654382944107	0.47369149327278137
502	0.0269936416298151	0.15245291590690613	0.47635674476623535
503	0.025473810732364655	0.15280616283416748	0.47509679198265076
504	0.026222724467515945	0.15341703593730927	0.4722857177257538
505	0.02539432980120182	0.15419818460941315	0.46955713629722595
506	0.026192471385002136	0.15479393303394318	0.46814316511154175
507	0.027166852727532387	0.15171900391578674	0.47338396310806274
508	0.02557920478284359	0.15119391679763794	0.47362831234931946
509	0.026690766215324402	0.1517660766839981	0.47327056527137756
510	0.0255171786993742	0.15359807014465332	0.47039103507995605
511	0.025330208241939545	0.15558436512947083	0.464728981256485
512	0.026202736422419548	0.1567055583000183	0.46130606532096863
513	0.025592941790819168	0.15645085275173187	0.4596344232559204
514	0.026385368779301643	0.15542671084403992	0.4602799415588379
515	0.025861306115984917	0.15517254173755646	0.4620147943496704
516	0.025926876813173294	0.15497730672359467	0.465751051902771
517	0.02483610436320305	0.15574690699577332	0.4679006338119507
518	0.026133764535188675	0.15486285090446472	0.46965596079826355
519	0.02490433305501938	0.15500815212726593	0.4683931767940521
520	0.02534894458949566	0.1555858850479126	0.4666785001754761
521	0.025705771520733833	0.15561673045158386	0.4670592248439789
522	0.02594912052154541	0.1543428748846054	0.4702673852443695
523	0.025844033807516098	0.1531379073858261	0.47235018014907837
524	0.0247828159481287	0.15210138261318207	0.47316256165504456
525	0.02630104310810566	0.15168918669223785	0.4732217788696289
526	0.02590148150920868	0.1532641053199768	0.4710283875465393
527	0.02628445066511631	0.15335552394390106	0.4693240225315094
528	0.024849891662597656	0.15401028096675873	0.4672290086746216
529	0.02518240362405777	0.15363000333309174	0.46944931149482727
530	0.026091458275914192	0.1524868905544281	0.4711465537548065
531	0.026782983914017677	0.1534394919872284	0.4682273268699646
532	0.025807321071624756	0.1545500010251999	0.4652491807937622
533	0.026098251342773438	0.1542537957429886	0.46673235297203064
534	0.025892063975334167	0.15418213605880737	0.4682917892932892
535	0.02611917071044445	0.155472069978714	0.46618881821632385
536	0.02506883069872856	0.15590959787368774	0.4661296010017395
537	0.025339070707559586	0.15416644513607025	0.46803247928619385
538	0.025652814656496048	0.15380600094795227	0.465973436832428
539	0.025803616270422935	0.1543920487165451	0.4623250365257263
540	0.0246493648737669	0.1542881578207016	0.4621959328651428
541	0.024668077006936073	0.1550298035144806	0.4616730809211731
542	0.025317357853055	0.15566900372505188	0.45749977231025696
543	0.025321055203676224	0.15653367340564728	0.4529188275337219
544	0.025886112824082375	0.15568701922893524	0.4532085657119751
545	0.02456151880323887	0.15437442064285278	0.4561806321144104
546	0.025996090844273567	0.15544754266738892	0.4560280740261078
547	0.025536812841892242	0.15378308296203613	0.46036002039909363
548	0.025016548112034798	0.15294496715068817	0.4633851647377014
549	0.025405168533325195	0.15349960327148438	0.4647049903869629
550	0.024876512587070465	0.15406067669391632	0.4665783643722534
551	0.024471038952469826	0.15409092605113983	0.46815526485443115
552	0.024802610278129578	0.15268874168395996	0.47130024433135986
553	0.02409612014889717	0.15193234384059906	0.4715772569179535
554	0.02578633464872837	0.15077152848243713	0.47405627369880676
555	0.02647172100841999	0.1505778580904007	0.47486215829849243
556	0.02563856914639473	0.15162810683250427	0.4727199673652649
557	0.02445175312459469	0.15298543870449066	0.47191572189331055
558	0.025416146963834763	0.1557142287492752	0.4700554609298706
559	0.025555523112416267	0.1547505259513855	0.4723077118396759
560	0.02491791546344757	0.15412481129169464	0.47518640756607056
561	0.025565411895513535	0.15259972214698792	0.47864747047424316
562	0.025149807333946228	0.15077424049377441	0.4798107445240021
563	0.025148143991827965	0.1507166028022766	0.47566160559654236
564	0.024577433243393898	0.15117070078849792	0.470302015542984
565	0.02523771859705448	0.1522112935781479	0.46647223830223083
566	0.024251144379377365	0.153079554438591	0.46558502316474915
567	0.025223959237337112	0.154671311378479	0.4627598822116852
568	0.025267068296670914	0.15389488637447357	0.46574392914772034
569	0.0251771230250597	0.15170158445835114	0.47077682614326477
570	0.026152582839131355	0.15203319489955902	0.47104817628860474
571	0.02539168857038021	0.1538642942905426	0.4677852690219879
572	0.026444219052791595	0.1551351249217987	0.463990181684494
573	0.025134725496172905	0.15697024762630463	0.45941174030303955
574	0.02532198093831539	0.15812388062477112	0.4577491879463196
575	0.025143666192889214	0.1561785489320755	0.4617905616760254
576	0.02520938776433468	0.15310771763324738	0.4702385663986206
577	0.025354836136102676	0.15121948719024658	0.4759707748889923
578	0.02600676380097866	0.15123461186885834	0.4749682545661926
579	0.025386996567249298	0.1534009724855423	0.46849262714385986
580	0.02442789264023304	0.1566590815782547	0.4607914686203003
581	0.02599279209971428	0.15925316512584686	0.4542980492115021
582	0.025513220578432083	0.1584080010652542	0.45417290925979614
583	0.026099655777215958	0.1555412858724594	0.4612964987754822
584	0.025154665112495422	0.15390744805335999	0.4656420946121216
585	0.024399416521191597	0.15280558168888092	0.4686689078807831
586	0.024929480627179146	0.1525883674621582	0.4703073799610138
587	0.024188527837395668	0.15249790251255035	0.4698711037635803
588	0.024958917871117592	0.15336164832115173	0.46633201837539673
589	0.025205684825778008	0.15439139306545258	0.4638765752315521
590	0.024381378665566444	0.15510138869285583	0.4635795056819916
591	0.024763597175478935	0.15501028299331665	0.466346800327301
592	0.02448101155459881	0.15537384152412415	0.4683409035205841
593	0.024846838787198067	0.15564852952957153	0.46762576699256897
594	0.026051316410303116	0.15420401096343994	0.4686223864555359
595	0.025470677763223648	0.15373659133911133	0.46762943267822266
596	0.02418449893593788	0.15381275117397308	0.46719300746917725
597	0.024349043145775795	0.15366175770759583	0.47007977962493896
598	0.02390650473535061	0.15338806807994843	0.473582923412323
599	0.02405870519578457	0.15271934866905212	0.47623756527900696
600	0.0236726775765419	0.15127618610858917	0.4782005250453949
601	0.02532961219549179	0.15102465450763702	0.47729232907295227
602	0.024552887305617332	0.1518462747335434	0.47487586736679077
603	0.024954868480563164	0.15297336876392365	0.4739149212837219
604	0.02358913980424404	0.155660942196846	0.4702281653881073
605	0.025371169671416283	0.15507325530052185	0.4694526493549347
606	0.025424418970942497	0.15190047025680542	0.47469478845596313
607	0.024882830679416656	0.1509493887424469	0.4758382737636566
608	0.024231353774666786	0.1511349231004715	0.47622886300086975
609	0.024133186787366867	0.15313075482845306	0.4740825295448303
610	0.02505037933588028	0.15483656525611877	0.47140565514564514
611	0.025801939889788628	0.1540278047323227	0.47261038422584534
612	0.023538848385214806	0.15541721880435944	0.47043922543525696
613	0.02542037144303322	0.15695981681346893	0.4669326841831207
614	0.024935269728302956	0.1585896909236908	0.4616237282752991
615	0.024830497801303864	0.15807148814201355	0.461637020111084
616	0.024755433201789856	0.15719394385814667	0.4620177149772644
617	0.02483050525188446	0.15608641505241394	0.46331191062927246
618	0.025980355218052864	0.15387597680091858	0.4677370488643646
619	0.02484111674129963	0.1523270606994629	0.47053924202919006
620	0.023574966937303543	0.15275999903678894	0.4682036340236664
621	0.025226544588804245	0.15406233072280884	0.4653272330760956
622	0.025290587916970253	0.15523900091648102	0.4642350673675537
623	0.026309100911021233	0.15734679996967316	0.4624122083187103
624	0.025707928463816643	0.1578323394060135	0.46160656213760376
625	0.026975642889738083	0.153227299451828	0.4666072428226471
626	0.025086404755711555	0.1516037881374359	0.4709385633468628
627	0.025253504514694214	0.15247370302677155	0.47030970454216003
628	0.02577286772429943	0.1546332687139511	0.4673454165458679
629	0.026069067418575287	0.15414395928382874	0.46686193346977234
630	0.024594275280833244	0.1551155149936676	0.466050386428833
631	0.025419846177101135	0.156000554561615	0.46494579315185547
632	0.024454498663544655	0.15511886775493622	0.46688711643218994
633	0.02444135583937168	0.15298135578632355	0.472721129655838
634	0.02535131946206093	0.15178507566452026	0.4760892987251282
635	0.026309415698051453	0.15131935477256775	0.4754358232021332
636	0.025364544242620468	0.15244294703006744	0.47369223833084106
637	0.024570971727371216	0.15415388345718384	0.46969306468963623
638	0.024788009002804756	0.15513823926448822	0.46808794140815735
639	0.024692298844456673	0.15529149770736694	0.4693327844142914
640	0.02411404810845852	0.15462923049926758	0.4720470905303955
641	0.023561736568808556	0.15399877727031708	0.47519010305404663
642	0.024782197549939156	0.15364155173301697	0.47558391094207764
643	0.02388174831867218	0.15413329005241394	0.471910685300827
644	0.0247940830886364	0.15432780981063843	0.46881428360939026
645	0.024282440543174744	0.15406690537929535	0.46573689579963684
646	0.023215655237436295	0.15494176745414734	0.46080783009529114
647	0.023617925122380257	0.15606124699115753	0.45798543095588684
648	0.024417897686362267	0.15668125450611115	0.4583390951156616
649	0.025065604597330093	0.15859608352184296	0.45655539631843567
650	0.02437547594308853	0.1575510948896408	0.4597487449645996
651	0.022977527230978012	0.1555124819278717	0.4650719165802002
652	0.02332497201859951	0.15560047328472137	0.4649829864501953
653	0.024662243202328682	0.15620291233062744	0.4625285267829895
654	0.02506306767463684	0.15661849081516266	0.46166130900382996
655	0.023432308807969093	0.15553230047225952	0.46374014019966125
656	0.02394924685359001	0.1543312817811966	0.46622219681739807
657	0.024554897099733353	0.15220874547958374	0.47241854667663574
658	0.02492191269993782	0.1524811089038849	0.47639378905296326
659	0.025320323184132576	0.15273697674274445	0.47713959217071533
660	0.025672079995274544	0.15116161108016968	0.4783150851726532
661	0.025617636740207672	0.15070641040802002	0.4770933985710144
662	0.024980511516332626	0.1517391800880432	0.4747694730758667
663	0.02558121271431446	0.1534976214170456	0.4702545404434204
664	0.023670848459005356	0.15490223467350006	0.46611160039901733
665	0.026729775592684746	0.15489031374454498	0.46624502539634705
666	0.024658078327775	0.15457013249397278	0.4690983295440674
667	0.02564755082130432	0.15501365065574646	0.4692712128162384
668	0.024226006120443344	0.157645583152771	0.46593087911605835
669	0.027062024921178818	0.1563924103975296	0.46771547198295593
670	0.02425146847963333	0.15569615364074707	0.4694152772426605
671	0.027240829542279243	0.15462979674339294	0.4700016677379608
672	0.025643259286880493	0.15437933802604675	0.46791109442710876
673	0.0280946996062994	0.15383568406105042	0.4673142731189728
674	0.025273919105529785	0.1535947173833847	0.469883531332016
675	0.025177912786602974	0.15486375987529755	0.46970751881599426
676	0.02629217877984047	0.1546173393726349	0.46897655725479126
677	0.026545101776719093	0.15232914686203003	0.47050797939300537
678	0.02412155456840992	0.15262532234191895	0.4710347056388855
679	0.025153737515211105	0.15524648129940033	0.467450350522995
680	0.024014776572585106	0.1572338491678238	0.4645093083381653
681	0.02518230676651001	0.15732376277446747	0.4648226499557495
682	0.02410796470940113	0.15508787333965302	0.46766552329063416
683	0.023091087117791176	0.15379853546619415	0.4693141281604767
684	0.025396892800927162	0.15323157608509064	0.4700341522693634
685	0.02432176098227501	0.15348267555236816	0.4707771837711334
686	0.02515222690999508	0.15580692887306213	0.46824660897254944
687	0.02392343431711197	0.1570512354373932	0.4672428369522095
688	0.02458689920604229	0.15608923137187958	0.46753957867622375
689	0.023781755939126015	0.15549881756305695	0.4662550687789917
690	0.02375660464167595	0.15483757853507996	0.46424901485443115
691	0.023289581760764122	0.15453630685806274	0.46347013115882874
692	0.024539632722735405	0.15520299971103668	0.4642362594604492
693	0.024326274171471596	0.15547437965869904	0.4647620916366577
694	0.024202566593885422	0.15533608198165894	0.4635581970214844
695	0.023946288973093033	0.15412673354148865	0.4639272689819336
696	0.023515157401561737	0.15249305963516235	0.46573373675346375
697	0.02299080602824688	0.15311729907989502	0.46277594566345215
698	0.023752611130475998	0.15441390872001648	0.45983824133872986
699	0.024709846824407578	0.15474244952201843	0.45754989981651306
700	0.02353133261203766	0.15570813417434692	0.45623689889907837
701	0.024358276277780533	0.15695522725582123	0.4562056362628937
702	0.024229494854807854	0.1558162420988083	0.4594845175743103
703	0.02509183995425701	0.1547219157218933	0.46120572090148926
704	0.02379833720624447	0.15372522175312042	0.46143412590026855
705	0.024566221982240677	0.15353716909885406	0.46105876564979553
706	0.023737983778119087	0.1533755511045456	0.45957010984420776
707	0.023352010175585747	0.15319885313510895	0.45888957381248474
708	0.024203216657042503	0.15469883382320404	0.45591577887535095
709	0.023588748648762703	0.15562547743320465	0.4545833468437195
710	0.024072162806987762	0.15483325719833374	0.45828738808631897
711	0.023222101852297783	0.15434710681438446	0.4616612195968628
712	0.02347472310066223	0.15554676949977875	0.4609917998313904
713	0.02324986457824707	0.15691311657428741	0.4603559374809265
714	0.02390332892537117	0.15682367980480194	0.46199849247932434
715	0.023511026054620743	0.15704376995563507	0.462503045797348
716	0.023573262616991997	0.1559857726097107	0.4639713168144226
717	0.024018673226237297	0.1554877907037735	0.4658231735229492
718	0.024258067831397057	0.1541738510131836	0.4693905711174011
719	0.023626042529940605	0.15390145778656006	0.471148282289505
720	0.02363410033285618	0.15349073708057404	0.4724808931350708
721	0.023683587089180946	0.15472175180912018	0.47005340456962585
722	0.023709414526820183	0.15424418449401855	0.4669305980205536
723	0.023445548489689827	0.15445274114608765	0.4640403985977173
724	0.023395443335175514	0.15445123612880707	0.4658984839916229
725	0.024207385256886482	0.1565297394990921	0.4641471207141876
726	0.022730441763997078	0.157586470246315	0.46161723136901855
727	0.02459711767733097	0.15489010512828827	0.46066710352897644
728	0.02307916060090065	0.15426352620124817	0.46068528294563293
729	0.02411789447069168	0.15400482714176178	0.46112367510795593
730	0.02474883943796158	0.1530749499797821	0.4647672474384308
731	0.023114759474992752	0.1526288092136383	0.4673977196216583
732	0.02298676408827305	0.15310224890708923	0.4675561189651489
733	0.023657092824578285	0.15399999916553497	0.4659005105495453
734	0.02475103922188282	0.15376420319080353	0.4666546583175659
735	0.024323420599102974	0.1537482738494873	0.467639297246933
736	0.02297046035528183	0.1548852026462555	0.4650449752807617
737	0.023756885901093483	0.15580953657627106	0.4614647328853607
738	0.023658212274312973	0.15603962540626526	0.45956456661224365
739	0.023999279364943504	0.15587221086025238	0.4589117765426636
740	0.023754097521305084	0.156351700425148	0.4582979083061218
741	0.024403367191553116	0.15649472177028656	0.4578138291835785
742	0.02430316060781479	0.15564778447151184	0.45884862542152405
743	0.023762648925185204	0.15439243614673615	0.4619240462779999
744	0.02288767695426941	0.15336450934410095	0.465699166059494
745	0.024133814498782158	0.1541728526353836	0.46462857723236084
746	0.023745182901620865	0.15399113297462463	0.4631180167198181
747	0.023967556655406952	0.15417231619358063	0.4606204032897949
748	0.02258441597223282	0.15462259948253632	0.45928582549095154
749	0.023442372679710388	0.15469858050346375	0.46003392338752747
750	0.023848066106438637	0.1536352038383484	0.4644629955291748
751	0.023701870813965797	0.1526792198419571	0.4685835838317871
752	0.024245042353868484	0.15111948549747467	0.47244542837142944
753	0.02278175950050354	0.15053534507751465	0.4750678539276123
754	0.023727450519800186	0.15152263641357422	0.4740813970565796
755	0.0234389491379261	0.15437503159046173	0.4686598479747772
756	0.022671552374958992	0.15868161618709564	0.46125155687332153
757	0.024798361584544182	0.15767093002796173	0.46094924211502075
758	0.023257488384842873	0.15660318732261658	0.46232467889785767
759	0.024061594158411026	0.15471500158309937	0.4649353623390198
760	0.02386530674993992	0.15347428619861603	0.46741971373558044
761	0.02455815114080906	0.1523105651140213	0.4730111360549927
762	0.02473265677690506	0.15134374797344208	0.47646617889404297
763	0.024240387603640556	0.15226510167121887	0.4739539623260498
764	0.022976478561758995	0.15566667914390564	0.4651009440422058
765	0.024177810177206993	0.15734189748764038	0.45973730087280273
766	0.022089021280407906	0.15730853378772736	0.46015578508377075
767	0.023488204926252365	0.1575675904750824	0.4617140591144562
768	0.02345355972647667	0.15698286890983582	0.4649762809276581
769	0.02343318797647953	0.1544400453567505	0.47053858637809753
770	0.023366935551166534	0.1525014191865921	0.47386592626571655
771	0.02363981120288372	0.15252797305583954	0.4712376892566681
772	0.023751193657517433	0.15393617749214172	0.4646552801132202
773	0.02339984104037285	0.1542794555425644	0.4627678096294403
774	0.02327755279839039	0.1544535607099533	0.46307408809661865
775	0.02241697907447815	0.1545339971780777	0.4630574584007263
776	0.02226494811475277	0.15517760813236237	0.4635508060455322
777	0.02333981730043888	0.15390363335609436	0.4677606225013733
778	0.0239220280200243	0.1532251536846161	0.4673832654953003
779	0.024110734462738037	0.15325245261192322	0.4645196199417114
780	0.023613693192601204	0.1538602113723755	0.4605887830257416
781	0.02270621806383133	0.1537351757287979	0.45821428298950195
782	0.02263755165040493	0.15324284136295319	0.4615521728992462
783	0.023571064695715904	0.15483401715755463	0.46092453598976135
784	0.022754378616809845	0.15544363856315613	0.4606882929801941
785	0.0245236586779356	0.15281324088573456	0.4673965871334076
786	0.02299783192574978	0.15160119533538818	0.4716877043247223
787	0.023359673097729683	0.1517535001039505	0.47152888774871826
788	0.022897297516465187	0.15255063772201538	0.47014740109443665
789	0.0233197920024395	0.1547546684741974	0.4666675627231598
790	0.02306579425930977	0.1555590182542801	0.4639419913291931
791	0.02313832752406597	0.15531115233898163	0.4630749225616455
792	0.022769402712583542	0.15399321913719177	0.4653141498565674
793	0.023225581273436546	0.1535828560590744	0.46694302558898926
794	0.022719984874129295	0.15466633439064026	0.465182900428772
795	0.023190658539533615	0.15690173208713531	0.4596345126628876
796	0.02272534742951393	0.15722884237766266	0.45921745896339417
797	0.022848397493362427	0.15628112852573395	0.4620268642902374
798	0.02241458371281624	0.15388119220733643	0.46710020303726196
799	0.02201828360557556	0.1523800492286682	0.47355377674102783
800	0.02332007884979248	0.15248335897922516	0.47533443570137024
801	0.023020485416054726	0.15294469892978668	0.4722021222114563
802	0.02383529767394066	0.15452955663204193	0.4660792946815491
803	0.022402621805667877	0.156729593873024	0.461300253868103
804	0.024253783747553825	0.15779174864292145	0.459474116563797
805	0.023297889158129692	0.1566745489835739	0.4631907641887665
806	0.02288132533431053	0.154506117105484	0.4691585600376129
807	0.02224019169807434	0.15367361903190613	0.4721570611000061
808	0.02431331016123295	0.15331827104091644	0.4716777205467224
809	0.02316656894981861	0.1542820930480957	0.4676092565059662
810	0.023280829191207886	0.156345397233963	0.46110641956329346
811	0.022387970238924026	0.15799690783023834	0.4576670229434967
812	0.022144541144371033	0.15878401696681976	0.45884016156196594
813	0.022792860865592957	0.15815384685993195	0.46092045307159424
814	0.023602139204740524	0.1574144810438156	0.4615230858325958
815	0.022140704095363617	0.15625061094760895	0.4633829891681671
816	0.02238563261926174	0.15562668442726135	0.4637306332588196
817	0.022750908508896828	0.15545770525932312	0.4648783802986145
818	0.023478196933865547	0.15548966825008392	0.4647660255432129
819	0.02310466766357422	0.15507887303829193	0.46268734335899353
820	0.02236669883131981	0.1552760899066925	0.4587147831916809
821	0.02233700267970562	0.15575529634952545	0.45775777101516724
822	0.02250644564628601	0.1569027453660965	0.4593906104564667
823	0.02272973768413067	0.15862707793712616	0.4580518901348114
824	0.02391204424202442	0.1587696224451065	0.45752665400505066
825	0.023373058065772057	0.15493185818195343	0.46355196833610535
826	0.02266903594136238	0.15233656764030457	0.4695174992084503
827	0.022359749302268028	0.151365727186203	0.4710127115249634
828	0.023515716195106506	0.1513643115758896	0.4702002704143524
829	0.022350944578647614	0.1529298722743988	0.46661311388015747
830	0.0234593003988266	0.15470127761363983	0.46350160241127014
831	0.022394653409719467	0.15558119118213654	0.4606407582759857
832	0.022316092625260353	0.15568450093269348	0.4599745571613312
833	0.022894397377967834	0.15584298968315125	0.4610006511211395
834	0.02295672334730625	0.15633447468280792	0.4605719745159149
835	0.02229280397295952	0.15717147290706635	0.4584571123123169
836	0.02219333127140999	0.15842081606388092	0.4552410840988159
837	0.02347525954246521	0.15831786394119263	0.45447149872779846
838	0.02303479053080082	0.1559814214706421	0.4580301344394684
839	0.022755121812224388	0.15514019131660461	0.45871591567993164
840	0.022362137213349342	0.15462981164455414	0.4593829810619354
841	0.022035233676433563	0.15492072701454163	0.4589366018772125
842	0.022454695776104927	0.15658962726593018	0.4575704038143158
843	0.022456446662545204	0.15700674057006836	0.4572783410549164
844	0.02188771963119507	0.15665501356124878	0.4583171010017395
845	0.021614691242575645	0.15617673099040985	0.45853573083877563
846	0.022554175928235054	0.1546330749988556	0.46071192622184753
847	0.023253753781318665	0.1522950679063797	0.46579551696777344
848	0.021055452525615692	0.1512387990951538	0.4693564176559448
849	0.022845091298222542	0.15061606466770172	0.46996718645095825
850	0.02307409606873989	0.15106898546218872	0.46878913044929504
851	0.022561531513929367	0.1526886522769928	0.46524810791015625
852	0.022567283362150192	0.15469463169574738	0.46337229013442993
853	0.023089706897735596	0.15564849972724915	0.462253600358963
854	0.022583935409784317	0.15542224049568176	0.4631732702255249
855	0.022932467982172966	0.1540040820837021	0.4662824869155884
856	0.021437449380755424	0.15316687524318695	0.4664812386035919
857	0.022691529244184494	0.15326085686683655	0.46268725395202637
858	0.022218016907572746	0.15411174297332764	0.45870670676231384
859	0.021587712690234184	0.15416201949119568	0.45842379331588745
860	0.02314145490527153	0.15285442769527435	0.4631877541542053
861	0.022220557555556297	0.15225404500961304	0.46527785062789917
862	0.022634368389844894	0.15285144746303558	0.4655095040798187
863	0.022491013631224632	0.1537562608718872	0.4646977484226227
864	0.021729905158281326	0.1538158804178238	0.4639317989349365
865	0.022692453116178513	0.15409885346889496	0.46296772360801697
866	0.02331167459487915	0.15450076758861542	0.4608747959136963
867	0.02142917923629284	0.1546453833580017	0.4609222114086151
868	0.02282164804637432	0.15500646829605103	0.46115896105766296
869	0.021659577265381813	0.15576112270355225	0.45923152565956116
870	0.021919382736086845	0.15574926137924194	0.4592244625091553
871	0.021778276190161705	0.1548396795988083	0.46054521203041077
872	0.022491978481411934	0.1548377424478531	0.4594075381755829
873	0.02263103611767292	0.15518756210803986	0.45904579758644104
874	0.02319701388478279	0.15558046102523804	0.45992136001586914
875	0.022194603458046913	0.1551898568868637	0.4616451859474182
876	0.022504562512040138	0.15546920895576477	0.45923322439193726
877	0.022075597196817398	0.1559201180934906	0.4555487036705017
878	0.02204485982656479	0.1565694510936737	0.45283544063568115
879	0.022294024005532265	0.1568891704082489	0.4506455957889557
880	0.023484066128730774	0.1548427939414978	0.4564152657985687
881	0.022622110322117805	0.1533181071281433	0.4639713764190674
882	0.021903902292251587	0.15257394313812256	0.4689263105392456
883	0.023588141426444054	0.1536829173564911	0.46792009472846985
884	0.02219860441982746	0.15484939515590668	0.46405139565467834
885	0.02379271760582924	0.15544487535953522	0.4618726074695587
886	0.022342288866639137	0.15662674605846405	0.4591149091720581
887	0.022194301709532738	0.15838263928890228	0.45590826869010925
888	0.022786162793636322	0.1567327082157135	0.4604368805885315
889	0.02248520590364933	0.15478657186031342	0.4677972197532654
890	0.02193143218755722	0.15385739505290985	0.4711223542690277
891	0.023221587762236595	0.15332968533039093	0.47012826800346375
892	0.02314673364162445	0.15314416587352753	0.4634667634963989
893	0.0220284815877676	0.15486082434654236	0.4565056264400482
894	0.02284802496433258	0.15637391805648804	0.4554413855075836
895	0.022915063425898552	0.15524804592132568	0.4613350033760071
896	0.022795839235186577	0.15517336130142212	0.4634442925453186
897	0.02266201563179493	0.15537172555923462	0.46389758586883545
898	0.021359547972679138	0.15582427382469177	0.46307146549224854
899	0.02296995185315609	0.15489749610424042	0.46502408385276794
900	0.022563748061656952	0.15430504083633423	0.46568936109542847
901	0.022098766639828682	0.15444348752498627	0.46538034081459045
902	0.02265968732535839	0.15333358943462372	0.46766775846481323
903	0.02138003148138523	0.15393957495689392	0.46596217155456543
904	0.022654050961136818	0.15391695499420166	0.46601930260658264
905	0.023399975150823593	0.1535651981830597	0.465802937746048
906	0.02246055193245411	0.15354293584823608	0.4647417366504669
907	0.022411610931158066	0.15476708114147186	0.46287378668785095
908	0.022918447852134705	0.15612903237342834	0.4616905450820923
909	0.022739436477422714	0.1572089046239853	0.45994478464126587
910	0.02287880703806877	0.15730565786361694	0.458358496427536
911	0.021553700789809227	0.15707647800445557	0.4566493332386017
912	0.0216644499450922	0.15777629613876343	0.4533478617668152
913	0.022814052179455757	0.15830452740192413	0.4526754915714264
914	0.023653337731957436	0.1573624312877655	0.45617741346359253
915	0.021729178726673126	0.15630708634853363	0.4621540606021881
916	0.02269032783806324	0.15610048174858093	0.46413126587867737
917	0.022375011816620827	0.15636701881885529	0.46391889452934265
918	0.023464135825634003	0.15691237151622772	0.46296167373657227
919	0.02213827520608902	0.15678636729717255	0.462897390127182
920	0.02295457385480404	0.15644866228103638	0.4614129066467285
921	0.02240886352956295	0.1564311683177948	0.4612123370170593
922	0.022666500881314278	0.15525077283382416	0.4649662971496582
923	0.02247891202569008	0.15344677865505219	0.4687166213989258
924	0.023260165005922318	0.15201516449451447	0.4697938859462738
925	0.0222226120531559	0.15231525897979736	0.4694048762321472
926	0.023138463497161865	0.15309268236160278	0.4680151045322418
927	0.02205224521458149	0.15456776320934296	0.4661896824836731
928	0.023035699501633644	0.15638454258441925	0.4609552025794983
929	0.02160772494971752	0.15751419961452484	0.4560685455799103
930	0.022593535482883453	0.15602673590183258	0.4589087963104248
931	0.022115524858236313	0.1551898568868637	0.4617610573768616
932	0.022586127743124962	0.15511085093021393	0.46183887124061584
933	0.022587928920984268	0.1559113711118698	0.4605605900287628
934	0.022151434794068336	0.15619336068630219	0.4587084949016571
935	0.022739233449101448	0.15767879784107208	0.4537411034107208
936	0.02200496941804886	0.15801778435707092	0.45147189497947693
937	0.021782154217362404	0.15574073791503906	0.4557567834854126
938	0.02199534699320793	0.15444473922252655	0.45961281657218933
939	0.02230869047343731	0.1546340137720108	0.46158620715141296
940	0.02193915657699108	0.1554601937532425	0.46191051602363586
941	0.021571213379502296	0.1563849151134491	0.4593397080898285
942	0.022090863436460495	0.15627747774124146	0.45844903588294983
943	0.022190313786268234	0.15442904829978943	0.4603902995586395
944	0.021510396152734756	0.153615802526474	0.46330633759498596
945	0.022528348490595818	0.1526104211807251	0.46644553542137146
946	0.023070067167282104	0.15207645297050476	0.47019872069358826
947	0.021734854206442833	0.1525174379348755	0.4703181982040405
948	0.023242568597197533	0.15317009389400482	0.46786996722221375
949	0.02283143252134323	0.1542150378227234	0.46552515029907227
950	0.02218852937221527	0.15501165390014648	0.46358931064605713
951	0.022036302834749222	0.15557529032230377	0.46203795075416565
952	0.02212214469909668	0.15542487800121307	0.4622209370136261
953	0.02217743545770645	0.15394409000873566	0.4652389883995056
954	0.022075757384300232	0.15277016162872314	0.46838322281837463
955	0.02171448804438114	0.1532130092382431	0.46776363253593445
956	0.022406185045838356	0.15443295240402222	0.46510735154151917
957	0.022878719493746758	0.15677984058856964	0.45934367179870605
958	0.02135668322443962	0.15692409873008728	0.459058552980423
959	0.02177615463733673	0.15560241043567657	0.4606594443321228
960	0.02242269553244114	0.15528811514377594	0.45962753891944885
961	0.022278625518083572	0.15505701303482056	0.4593048095703125
962	0.023118864744901657	0.1540665328502655	0.46227967739105225
963	0.021900994703173637	0.15354853868484497	0.466341108083725
964	0.023191452026367188	0.15368464589118958	0.466877818107605
965	0.022128641605377197	0.1548864245414734	0.46525272727012634
966	0.02244223840534687	0.15389122068881989	0.4662635624408722
967	0.02195425145328045	0.15273328125476837	0.47030407190322876
968	0.022342251613736153	0.15328426659107208	0.4697988033294678
969	0.022454800084233284	0.15409083664417267	0.4681940972805023
970	0.022156521677970886	0.15386895835399628	0.46552419662475586
971	0.021910760551691055	0.1542527675628662	0.46374666690826416
972	0.022273985669016838	0.15592548251152039	0.4603651762008667
973	0.023647351190447807	0.15772747993469238	0.4559299349784851
974	0.023696497082710266	0.15867342054843903	0.4535646438598633
975	0.022549262270331383	0.15735620260238647	0.4578467607498169
976	0.022383198142051697	0.15489083528518677	0.46279504895210266
977	0.022197088226675987	0.15432699024677277	0.46455618739128113
978	0.02256014011800289	0.15419726073741913	0.4639650881290436
979	0.022867277264595032	0.1540694385766983	0.46337148547172546
980	0.02122231014072895	0.15448816120624542	0.462077260017395
981	0.021838843822479248	0.15480375289916992	0.46056511998176575
982	0.022511420771479607	0.15363143384456635	0.4611544609069824
983	0.0216388963162899	0.15239064395427704	0.4642975330352783
984	0.02156824991106987	0.15099531412124634	0.46942368149757385
985	0.02272750809788704	0.15175187587738037	0.4694206118583679
986	0.022846559062600136	0.15296109020709991	0.46648186445236206
987	0.02196793630719185	0.1537432074546814	0.46551018953323364
988	0.02191612683236599	0.15482603013515472	0.4645475149154663
989	0.021576056256890297	0.15536272525787354	0.4656662344932556
990	0.022196613252162933	0.15568232536315918	0.4680807888507843
991	0.02235061302781105	0.15631206333637238	0.46759486198425293
992	0.021365871652960777	0.1557638943195343	0.46800410747528076
993	0.021981265395879745	0.15418481826782227	0.4686621427536011
994	0.021168148145079613	0.15280622243881226	0.4679713249206543
995	0.021603988483548164	0.15273889899253845	0.46504679322242737
996	0.02184608019888401	0.15382811427116394	0.46286189556121826
997	0.02205798588693142	0.154256209731102	0.4629300534725189
998	0.021717481315135956	0.15502631664276123	0.4618295729160309
999	0.02159530483186245	0.15566334128379822	0.4613470435142517
1000	0.020944152027368546	0.15568283200263977	0.46157926321029663
1001	0.0219272430986166	0.15601125359535217	0.4595811665058136
1002	0.02123640477657318	0.15636497735977173	0.45680680871009827
1003	0.021883318200707436	0.15725943446159363	0.4536318778991699
1004	0.02170928753912449	0.15660618245601654	0.4562739133834839
1005	0.021445689722895622	0.1552397757768631	0.4605768322944641
1006	0.021626371890306473	0.15395765006542206	0.46446987986564636
1007	0.022590041160583496	0.15468266606330872	0.46224021911621094
1008	0.02242717705667019	0.1562756597995758	0.4581920802593231
1009	0.022552188485860825	0.1560424566268921	0.45762398838996887
1010	0.021993285045027733	0.15583840012550354	0.45896026492118835
1011	0.02175668627023697	0.1552375853061676	0.4622926414012909
1012	0.02183420956134796	0.15380936861038208	0.46628037095069885
1013	0.021813595667481422	0.15232974290847778	0.46880367398262024
1014	0.0222654826939106	0.15304438769817352	0.46758806705474854
1015	0.02225683443248272	0.15359532833099365	0.46591630578041077
1016	0.02173878438770771	0.15351229906082153	0.464139461517334
1017	0.022024016827344894	0.15568940341472626	0.4607108533382416
1018	0.022017275914549828	0.15618100762367249	0.46034881472587585
1019	0.022140441462397575	0.15524116158485413	0.46354660391807556
1020	0.021506082266569138	0.1552448719739914	0.464574933052063
1021	0.021007737144827843	0.155485138297081	0.4633723497390747
1022	0.021141013130545616	0.155246302485466	0.46155261993408203
1023	0.021877456456422806	0.15699516236782074	0.4558717608451843
1024	0.021837765350937843	0.15804119408130646	0.4533155858516693
1025	0.021484415978193283	0.15838488936424255	0.45216113328933716
1026	0.021580127999186516	0.15743018686771393	0.4552218019962311
1027	0.021610040217638016	0.15594112873077393	0.4589790403842926
1028	0.02208947390317917	0.15543873608112335	0.45996329188346863
1029	0.02125578559935093	0.15562066435813904	0.45866408944129944
1030	0.021619495004415512	0.15575779974460602	0.4588518738746643
1031	0.02089269645512104	0.1551339328289032	0.45865902304649353
1032	0.020787689834833145	0.15419572591781616	0.4589468240737915
1033	0.021773766726255417	0.15338028967380524	0.4610569477081299
1034	0.02128039486706257	0.153494194149971	0.4618157148361206
1035	0.020990537479519844	0.1533462554216385	0.4640738070011139
1036	0.02151939831674099	0.15283426642417908	0.46648839116096497
1037	0.020767683163285255	0.15291236340999603	0.4678828716278076
1038	0.021201327443122864	0.1530817449092865	0.46825069189071655
1039	0.021443825215101242	0.15414050221443176	0.4664686620235443
1040	0.021246911957859993	0.15511979162693024	0.4656132459640503
1041	0.0226041991263628	0.15379945933818817	0.46712660789489746
1042	0.02198794111609459	0.15283004939556122	0.46952638030052185
1043	0.021431108936667442	0.15198034048080444	0.4701940417289734
1044	0.020964547991752625	0.152348592877388	0.4683317244052887
1045	0.021296650171279907	0.15391778945922852	0.46601399779319763
1046	0.021000398322939873	0.15611785650253296	0.46337082982063293
1047	0.02329135499894619	0.15702015161514282	0.46025732159614563
1048	0.02236906997859478	0.15738269686698914	0.45624855160713196
1049	0.021498773247003555	0.15620392560958862	0.4560850262641907
1050	0.02220163121819496	0.15497954189777374	0.45694905519485474
1051	0.022325947880744934	0.15354757010936737	0.45827051997184753
1052	0.021805105730891228	0.1536862850189209	0.45662230253219604
1053	0.02200840413570404	0.15410791337490082	0.4550061821937561
1054	0.022425998002290726	0.15500953793525696	0.4538194239139557
1055	0.021234877407550812	0.15669621527194977	0.45193395018577576
1056	0.02273319661617279	0.15647345781326294	0.4527595639228821
1057	0.021586764603853226	0.1556038111448288	0.4568015933036804
1058	0.02156326174736023	0.15438410639762878	0.4628016948699951
1059	0.021642791107296944	0.1528780162334442	0.46913087368011475
1060	0.022024473175406456	0.1527276635169983	0.4704614579677582
1061	0.021426117047667503	0.15345892310142517	0.46719375252723694
1062	0.022465243935585022	0.15315969288349152	0.4621003568172455
1063	0.021335454657673836	0.15449590981006622	0.45902228355407715
1064	0.022184336557984352	0.15448826551437378	0.45848068594932556
1065	0.0219816192984581	0.15448394417762756	0.4577830135822296
1066	0.022383568808436394	0.15534713864326477	0.45577579736709595
1067	0.02156556397676468	0.1564449816942215	0.4548754096031189
1068	0.021311992779374123	0.15735551714897156	0.45381423830986023
1069	0.02165578119456768	0.15708209574222565	0.4537484347820282
1070	0.02194966934621334	0.156255841255188	0.45411059260368347
1071	0.02120205946266651	0.15550661087036133	0.4550769329071045
1072	0.02077622339129448	0.15448100864887238	0.45611846446990967
1073	0.020638152956962585	0.15398503839969635	0.4563498795032501
1074	0.022222420200705528	0.15450873970985413	0.45428791642189026
1075	0.021182836964726448	0.15550242364406586	0.4521193504333496
1076	0.021327437832951546	0.1559106409549713	0.45210394263267517
1077	0.021489376202225685	0.15768273174762726	0.4503924548625946
1078	0.020892703905701637	0.1585644781589508	0.4498561918735504
1079	0.02109510824084282	0.15668781101703644	0.4546646773815155
1080	0.020963512361049652	0.15420623123645782	0.4618282914161682
1081	0.021522680297493935	0.15234214067459106	0.4677497148513794
1082	0.02193872071802616	0.15206848084926605	0.4706631898880005
1083	0.02221548557281494	0.15399006009101868	0.46620938181877136
