epoch	train_loss	test_loss	test_metric
0	0.2960496246814728	0.44003748893737793	0.5899036526679993
1	0.25052544474601746	0.40016576647758484	0.5877774357795715
2	0.2123459428548813	0.36061936616897583	0.5907182097434998
3	0.1843879520893097	0.32363077998161316	0.5881633162498474
4	0.167720228433609	0.2906227707862854	0.5888807773590088
5	0.15403051674365997	0.26385271549224854	0.5944409370422363
6	0.1434902548789978	0.24878808856010437	0.6043433547019958
7	0.14084604382514954	0.24665817618370056	0.6127109527587891
8	0.13486696779727936	0.2468118667602539	0.621679961681366
9	0.12997519969940186	0.24345262348651886	0.6289482116699219
10	0.12317545711994171	0.23407626152038574	0.6347256898880005
11	0.12067386507987976	0.2304879128932953	0.6369251608848572
12	0.11983773857355118	0.23206643760204315	0.636569082736969
13	0.11616063117980957	0.235233873128891	0.6342376470565796
14	0.11178525537252426	0.23202186822891235	0.6316710114479065
15	0.11193637549877167	0.22845272719860077	0.6350383758544922
16	0.10797740519046783	0.22373001277446747	0.6407176852226257
17	0.10619805008172989	0.22493034601211548	0.6454736590385437
18	0.10682099312543869	0.2227257341146469	0.6498071551322937
19	0.10345824807882309	0.21932409703731537	0.6545870900154114
20	0.10087323188781738	0.21376927196979523	0.6582129597663879
21	0.10082225501537323	0.21474026143550873	0.661290168762207
22	0.09763506799936295	0.20859448611736298	0.6620081067085266
23	0.0943591371178627	0.2028852254152298	0.6647061705589294
24	0.09605921059846878	0.20527957379817963	0.6662352085113525
25	0.09537753462791443	0.20463116466999054	0.6681355834007263
26	0.09396793693304062	0.19813209772109985	0.6700412034988403
27	0.09184284508228302	0.19498805701732635	0.6696495413780212
28	0.08819267898797989	0.18739576637744904	0.6706957817077637
29	0.08739817887544632	0.19304464757442474	0.6687145233154297
30	0.08767163753509521	0.19463762640953064	0.6667217016220093
31	0.08654598891735077	0.19246762990951538	0.6675229668617249
32	0.0853184312582016	0.18089841306209564	0.6748384833335876
33	0.08649217337369919	0.18237076699733734	0.6821069717407227
34	0.08423621952533722	0.1885276883840561	0.6871755719184875
35	0.08385591953992844	0.18927045166492462	0.690098762512207
36	0.08073731511831284	0.1875379979610443	0.69190913438797
37	0.08408457040786743	0.18418146669864655	0.6917686462402344
38	0.079090915620327	0.1821332722902298	0.689078152179718
39	0.07864408195018768	0.1787525862455368	0.685168981552124
40	0.07865750789642334	0.18357059359550476	0.6820023655891418
41	0.07778935134410858	0.182200625538826	0.6801047921180725
42	0.07823409885168076	0.17842262983322144	0.6814151406288147
43	0.07706927508115768	0.1739310920238495	0.6837971806526184
44	0.07665526121854782	0.16658705472946167	0.6882890462875366
45	0.07480323314666748	0.16857746243476868	0.6938884258270264
46	0.07232524454593658	0.15933442115783691	0.6944040656089783
47	0.07221788913011551	0.16066983342170715	0.6914411783218384
48	0.071741484105587	0.16997171938419342	0.6862362623214722
49	0.0720357745885849	0.16584397852420807	0.6813774108886719
50	0.06993557512760162	0.16907991468906403	0.6787520051002502
51	0.06889916211366653	0.17036880552768707	0.6788007020950317
52	0.06857634335756302	0.16832131147384644	0.6810824871063232
53	0.06822967529296875	0.16473619639873505	0.6854732036590576
54	0.06804834306240082	0.1625339835882187	0.6880486607551575
55	0.06557299196720123	0.16760939359664917	0.6871592402458191
56	0.06762167811393738	0.16454513370990753	0.6840693950653076
57	0.06495906412601471	0.16605062782764435	0.6812812089920044
58	0.06372858583927155	0.17367951571941376	0.6814514994621277
59	0.06691960990428925	0.16312362253665924	0.6840453743934631
60	0.06319905817508698	0.16214041411876678	0.686533510684967
61	0.06391449272632599	0.1604270339012146	0.6873038411140442
62	0.06378711760044098	0.1606147438287735	0.6874537467956543
63	0.06175445392727852	0.15737462043762207	0.6854536533355713
64	0.06211751326918602	0.15765731036663055	0.68390953540802
65	0.06188889220356941	0.16242235898971558	0.6826862096786499
66	0.06055297330021858	0.15801090002059937	0.6837259531021118
67	0.06126650050282478	0.16145220398902893	0.6815217733383179
68	0.05959957093000412	0.16552847623825073	0.6832181215286255
69	0.058535438030958176	0.15888378024101257	0.6847707033157349
70	0.059732332825660706	0.15466269850730896	0.6851708889007568
71	0.06075316295027733	0.1664220243692398	0.6807729601860046
72	0.06077234447002411	0.15880975127220154	0.6792973279953003
73	0.058940429240465164	0.16051597893238068	0.6814722418785095
74	0.059782031923532486	0.16775046288967133	0.6850259304046631
75	0.059455204755067825	0.15207216143608093	0.6904312372207642
76	0.05861411243677139	0.14882919192314148	0.6898056864738464
77	0.05911016836762428	0.15938600897789001	0.6868770122528076
78	0.058482732623815536	0.1556955724954605	0.6883881092071533
79	0.05722023919224739	0.1549147665500641	0.6888746619224548
80	0.05776489898562431	0.16591776907444	0.6863147616386414
81	0.05598945915699005	0.16354340314865112	0.6835715174674988
82	0.05567663535475731	0.15435399115085602	0.683470606803894
83	0.05548739433288574	0.154982790350914	0.6831640601158142
84	0.054198745638132095	0.1568668782711029	0.6869341135025024
85	0.055637579411268234	0.15432670712471008	0.6913038492202759
86	0.05488300323486328	0.15101519227027893	0.6933500170707703
87	0.053701844066381454	0.15862882137298584	0.6883068084716797
88	0.054801326245069504	0.1621762216091156	0.6838008165359497
89	0.05262145400047302	0.15517383813858032	0.6819996237754822
90	0.05362826958298683	0.15280281007289886	0.6827303767204285
91	0.05330589413642883	0.16416265070438385	0.6795415878295898
92	0.056245818734169006	0.1594679206609726	0.6816964149475098
93	0.0543878898024559	0.15231218934059143	0.6844955682754517
94	0.05369442328810692	0.16173768043518066	0.6814470887184143
95	0.052877362817525864	0.17531275749206543	0.6782315373420715
96	0.05718093365430832	0.15808314085006714	0.680608868598938
97	0.051601801067590714	0.14806342124938965	0.6833722591400146
98	0.05461182817816734	0.15398357808589935	0.682242214679718
99	0.050401024520397186	0.1583741158246994	0.6855599880218506
100	0.053386490792036057	0.1470910757780075	0.6918031573295593
101	0.05045011639595032	0.1460597813129425	0.69297194480896
102	0.05209511145949364	0.15837222337722778	0.6876412034034729
103	0.048978887498378754	0.1645120531320572	0.6824676394462585
104	0.0518607571721077	0.15252076089382172	0.6805863380432129
105	0.04797506332397461	0.14901143312454224	0.6772223711013794
106	0.051008064299821854	0.1508212834596634	0.6755157709121704
107	0.0488114133477211	0.1530779004096985	0.6779929399490356
108	0.05043415725231171	0.1518310159444809	0.68285071849823
109	0.04799390956759453	0.151187002658844	0.6856275200843811
110	0.049022141844034195	0.1576313078403473	0.6820505857467651
111	0.04857133701443672	0.16050566732883453	0.6741237640380859
112	0.048607707023620605	0.15490083396434784	0.6703154444694519
113	0.049637846648693085	0.1530447006225586	0.6706216335296631
114	0.04637701064348221	0.15322132408618927	0.6733416318893433
115	0.047952473163604736	0.15556295216083527	0.6780266761779785
116	0.047745585441589355	0.14991508424282074	0.6845937967300415
117	0.047269657254219055	0.1508563756942749	0.6859931349754333
118	0.04770401120185852	0.15642349421977997	0.6826683878898621
119	0.046711377799510956	0.15513038635253906	0.6771827340126038
120	0.046828124672174454	0.14903120696544647	0.6757669448852539
121	0.046606920659542084	0.15296489000320435	0.6752703785896301
122	0.04711301997303963	0.15579986572265625	0.6754852533340454
123	0.04646460711956024	0.1537167876958847	0.6764979362487793
124	0.045177530497312546	0.15119825303554535	0.6799170970916748
125	0.0446358248591423	0.15189041197299957	0.6807659864425659
126	0.046025801450014114	0.15313026309013367	0.6778134107589722
127	0.045562103390693665	0.15384338796138763	0.6740292310714722
128	0.04445228725671768	0.15033599734306335	0.6772306561470032
129	0.04426288232207298	0.1493193805217743	0.6815851926803589
130	0.04448700323700905	0.15201658010482788	0.6863734722137451
131	0.04357288032770157	0.15423932671546936	0.6875668168067932
132	0.044286493211984634	0.15241216123104095	0.6885046362876892
133	0.04351915791630745	0.1501530408859253	0.6885297894477844
134	0.04294129088521004	0.1511106789112091	0.6869681477546692
135	0.04329358786344528	0.14492642879486084	0.6896350383758545
136	0.04456756263971329	0.14543434977531433	0.6912974715232849
137	0.04402797296643257	0.148794487118721	0.6928882002830505
138	0.04219672828912735	0.14369142055511475	0.6946584582328796
139	0.04394422471523285	0.14712339639663696	0.6906352043151855
140	0.04249166324734688	0.15785934031009674	0.6811222434043884
141	0.04415033757686615	0.14836633205413818	0.68125981092453
142	0.04305616021156311	0.14728175103664398	0.6805217266082764
143	0.042857103049755096	0.15674184262752533	0.6752912998199463
144	0.04340161755681038	0.15812505781650543	0.67782062292099
145	0.04261902719736099	0.14694181084632874	0.6865551471710205
146	0.04242277517914772	0.1464996635913849	0.6897129416465759
147	0.041197359561920166	0.1540725827217102	0.6866271495819092
148	0.04317055642604828	0.15269944071769714	0.6844145655632019
149	0.04239506646990776	0.14763490855693817	0.6838434338569641
150	0.041616130620241165	0.14719034731388092	0.6857627034187317
151	0.041355766355991364	0.15137293934822083	0.6874625086784363
152	0.04189858213067055	0.14929117262363434	0.6914210319519043
153	0.04102843254804611	0.14618425071239471	0.6915733218193054
154	0.04011846333742142	0.1472550332546234	0.6910449266433716
155	0.04087476432323456	0.14844562113285065	0.6887502670288086
156	0.039588119834661484	0.1501741111278534	0.683056652545929
157	0.039814211428165436	0.1493111103773117	0.679543137550354
158	0.040267493575811386	0.14655794203281403	0.6846169233322144
159	0.04003952443599701	0.14879564940929413	0.6892072558403015
160	0.04099563881754875	0.1477406769990921	0.6919233798980713
161	0.04080213978886604	0.1447059065103531	0.6912709474563599
162	0.040188830345869064	0.14789271354675293	0.6832652688026428
163	0.03986535966396332	0.1495099514722824	0.6812560558319092
164	0.039297908544540405	0.1461929827928543	0.6838380694389343
165	0.03964057192206383	0.14442898333072662	0.6862547397613525
166	0.03942156583070755	0.14744088053703308	0.6822723150253296
167	0.039487071335315704	0.14968769252300262	0.6765326857566833
168	0.0394093357026577	0.14807306230068207	0.6760398149490356
169	0.03842579200863838	0.15227127075195312	0.6756551265716553
170	0.03907360881567001	0.15088583528995514	0.6776344776153564
171	0.03826858475804329	0.1463606059551239	0.6799106001853943
172	0.03887801989912987	0.15099889039993286	0.6780723929405212
173	0.03899797052145004	0.15479417145252228	0.6774029731750488
174	0.04081068933010101	0.14606961607933044	0.6830727458000183
175	0.039184167981147766	0.14793561398983002	0.6826044917106628
176	0.03780115395784378	0.15289971232414246	0.68004310131073
177	0.039283525198698044	0.14894811809062958	0.6838101148605347
178	0.039026450365781784	0.1444471776485443	0.6892770528793335
179	0.03823046386241913	0.14301452040672302	0.6937351822853088
180	0.03889776021242142	0.14621630311012268	0.692240297794342
181	0.03814975544810295	0.14693191647529602	0.6867510080337524
182	0.036663178354501724	0.147742360830307	0.6804793477058411
183	0.036867398768663406	0.1492345929145813	0.6768046617507935
184	0.03805380314588547	0.1484363079071045	0.6783456802368164
185	0.036619991064071655	0.14875464141368866	0.6828770637512207
186	0.03637521341443062	0.1485871970653534	0.6844613552093506
187	0.03607567027211189	0.14802853763103485	0.6816861033439636
188	0.03581938520073891	0.14867079257965088	0.6756241917610168
189	0.0375787653028965	0.1539933979511261	0.6692279577255249
190	0.037961848080158234	0.1525273621082306	0.6725051403045654
191	0.03623238205909729	0.14611631631851196	0.6822936534881592
192	0.037000156939029694	0.14647532999515533	0.68516606092453
193	0.03614865243434906	0.14828187227249146	0.6846131086349487
194	0.03798237442970276	0.1467403769493103	0.684072732925415
195	0.036557555198669434	0.14616511762142181	0.6832917332649231
196	0.034568604081869125	0.14971722662448883	0.6775954961776733
197	0.036067068576812744	0.15217939019203186	0.6745607852935791
198	0.036181554198265076	0.1542421281337738	0.6722752451896667
199	0.035492125898599625	0.14956611394882202	0.6759886145591736
200	0.03662506118416786	0.14692558348178864	0.6781089305877686
201	0.035411592572927475	0.14892186224460602	0.6754255890846252
202	0.03565679490566254	0.14773434400558472	0.6744948625564575
203	0.03652510046958923	0.14813804626464844	0.6723287105560303
204	0.03661253675818443	0.1482667326927185	0.6726119518280029
205	0.035605888813734055	0.14694322645664215	0.6797114014625549
206	0.034447796642780304	0.1508825272321701	0.6796582937240601
207	0.03702082484960556	0.15295952558517456	0.6784688830375671
208	0.03411735221743584	0.1490301638841629	0.6791845560073853
209	0.034777309745550156	0.1486944705247879	0.6795908212661743
210	0.034625984728336334	0.1497810333967209	0.6812674403190613
211	0.034720130264759064	0.1488509327173233	0.6806211471557617
212	0.03460317105054855	0.14710327982902527	0.6801794767379761
213	0.03514885529875755	0.15045613050460815	0.6762191653251648
214	0.03511204570531845	0.15087993443012238	0.6727824807167053
215	0.03556915745139122	0.1473959982395172	0.6710713505744934
216	0.035993874073028564	0.14756835997104645	0.6696994304656982
217	0.03418557718396187	0.15126121044158936	0.669475257396698
218	0.03507755324244499	0.15112735331058502	0.672720730304718
219	0.033743951469659805	0.1486009955406189	0.6777932047843933
220	0.033608123660087585	0.14792500436306	0.6799304485321045
221	0.03460235521197319	0.14816537499427795	0.6779949069023132
222	0.03363998234272003	0.14694906771183014	0.6774355173110962
223	0.03399800509214401	0.14687667787075043	0.6787243485450745
224	0.03534248471260071	0.15256914496421814	0.6762836575508118
225	0.03502163290977478	0.1512090414762497	0.6771317720413208
226	0.03439311683177948	0.1480506807565689	0.6773195266723633
227	0.03321826457977295	0.1496300846338272	0.6730673909187317
228	0.03306761384010315	0.15604345500469208	0.6671453714370728
229	0.035803865641355515	0.15085168182849884	0.6718739867210388
230	0.03221478313207626	0.14543941617012024	0.6787538528442383
231	0.03604475408792496	0.14751267433166504	0.6810635924339294
232	0.032588448375463486	0.1491377055644989	0.6821329593658447
233	0.03524286299943924	0.14763234555721283	0.6819466352462769
234	0.03293941169977188	0.14560925960540771	0.6837364435195923
235	0.03376393020153046	0.14735378324985504	0.6833515167236328
236	0.03313574194908142	0.15082217752933502	0.6798627376556396
237	0.03508899733424187	0.15037694573402405	0.677376389503479
238	0.03283916786313057	0.14933128654956818	0.6732079982757568
239	0.034917138516902924	0.14944928884506226	0.6715368032455444
240	0.03414405509829521	0.1500457525253296	0.6733445525169373
241	0.032474320381879807	0.15101060271263123	0.6744914650917053
242	0.032668329775333405	0.1481194943189621	0.6747519373893738
243	0.033039893954992294	0.14957378804683685	0.6692145466804504
244	0.032675594091415405	0.15086375176906586	0.6653141975402832
245	0.03424229845404625	0.14784860610961914	0.671079158782959
246	0.03187933564186096	0.1481965035200119	0.6772997379302979
247	0.03361482918262482	0.1493530571460724	0.6778203845024109
248	0.034776195883750916	0.14790257811546326	0.6772758960723877
249	0.03229618817567825	0.14851999282836914	0.6732582449913025
250	0.03213735669851303	0.15059952437877655	0.6705644726753235
251	0.03356970474123955	0.14781731367111206	0.6757032871246338
252	0.032138559967279434	0.1464986354112625	0.6784456372261047
253	0.03344751521945	0.14966733753681183	0.6734241247177124
254	0.032737284898757935	0.1526165008544922	0.6678285002708435
255	0.03277958184480667	0.15264606475830078	0.6666942238807678
256	0.03266530483961105	0.15032558143138885	0.6700789332389832
257	0.032889556139707565	0.1504937708377838	0.6706088781356812
258	0.034258145838975906	0.15496821701526642	0.6687875390052795
259	0.03294769302010536	0.15305227041244507	0.6675079464912415
260	0.030982499942183495	0.14848829805850983	0.6667922139167786
261	0.032444316893815994	0.14806972444057465	0.668268084526062
262	0.032470863312482834	0.14813639223575592	0.6732913255691528
263	0.03208955004811287	0.14986689388751984	0.6780510544776917
264	0.032061342149972916	0.14645090699195862	0.6827803254127502
265	0.03248149901628494	0.14628276228904724	0.6808943748474121
266	0.03342708572745323	0.15003567934036255	0.6727020144462585
267	0.031124748289585114	0.1520412266254425	0.6659148335456848
268	0.03232889622449875	0.14908412098884583	0.6673220992088318
269	0.031268831342458725	0.147366464138031	0.6712977886199951
270	0.03180166706442833	0.15062932670116425	0.6699046492576599
271	0.031242014840245247	0.14915968477725983	0.6693893074989319
272	0.03149009495973587	0.14768847823143005	0.6673604249954224
273	0.03131342679262161	0.14873169362545013	0.6657288074493408
274	0.03224065527319908	0.14802995324134827	0.6686953902244568
275	0.03240976110100746	0.14585623145103455	0.6730250716209412
276	0.030915984883904457	0.14699211716651917	0.6763057112693787
277	0.03222070634365082	0.1466280221939087	0.6784501671791077
278	0.030508078634738922	0.14740215241909027	0.6776090860366821
279	0.030402453616261482	0.1469995081424713	0.6747964024543762
280	0.030859896913170815	0.1467234045267105	0.6759763360023499
281	0.031211765483021736	0.14952604472637177	0.6770190000534058
282	0.030993662774562836	0.1500503271818161	0.677998960018158
283	0.030597364529967308	0.14979910850524902	0.6750719547271729
284	0.031414177268743515	0.14918184280395508	0.6684523820877075
285	0.03063306212425232	0.1525546759366989	0.6629392504692078
286	0.03253971412777901	0.14959947764873505	0.6674131155014038
287	0.03025599755346775	0.14728720486164093	0.6732537746429443
288	0.031921613961458206	0.14965149760246277	0.6717886328697205
289	0.030101273208856583	0.15205350518226624	0.6685374975204468
290	0.03111572563648224	0.15001283586025238	0.6690835356712341
291	0.030949372798204422	0.14639906585216522	0.6742755174636841
292	0.031724028289318085	0.1468919962644577	0.6777775287628174
293	0.030811576172709465	0.148921936750412	0.6788080930709839
294	0.03029356151819229	0.14830878376960754	0.6767617464065552
295	0.030964214354753494	0.14876966178417206	0.6714615225791931
296	0.030565354973077774	0.14980609714984894	0.6698538064956665
297	0.030432911589741707	0.14902886748313904	0.6728525757789612
298	0.030607465654611588	0.14839377999305725	0.675674319267273
299	0.030665870755910873	0.14882436394691467	0.676997721195221
300	0.031146736815571785	0.14810429513454437	0.676302433013916
301	0.029422404244542122	0.14707694947719574	0.674149215221405
302	0.030673492699861526	0.1461770385503769	0.6739657521247864
303	0.029285164549946785	0.14795252680778503	0.6721897125244141
304	0.030547019094228745	0.15125025808811188	0.668606162071228
305	0.030106274411082268	0.15088818967342377	0.6656632423400879
306	0.029705533757805824	0.1494157910346985	0.6668544411659241
307	0.029015079140663147	0.14817483723163605	0.6706134676933289
308	0.029972149059176445	0.1490047574043274	0.6718175411224365
309	0.029859358444809914	0.15022367238998413	0.6726248860359192
310	0.03004564717411995	0.1488211303949356	0.6731745004653931
311	0.030423970893025398	0.14862990379333496	0.6739162802696228
312	0.02939743921160698	0.14968572556972504	0.6738024950027466
313	0.029311856254935265	0.15009461343288422	0.6734064817428589
314	0.030439889058470726	0.14767096936702728	0.6745530962944031
315	0.030501872301101685	0.14625903964042664	0.6776735186576843
316	0.030140256509184837	0.14889512956142426	0.6787987947463989
317	0.02996276319026947	0.14923325181007385	0.6781090497970581
318	0.02930646575987339	0.1464916467666626	0.6776285767555237
319	0.02968243882060051	0.14738498628139496	0.6750542521476746
320	0.030701028183102608	0.14991754293441772	0.671517014503479
321	0.030407914891839027	0.1487189531326294	0.6700397729873657
322	0.029809363186359406	0.14776846766471863	0.6689865589141846
323	0.029460398480296135	0.15020863711833954	0.6653247475624084
324	0.029259759932756424	0.15337121486663818	0.6615759134292603
325	0.03035823442041874	0.15174861252307892	0.6630593538284302
326	0.028643649071455002	0.149264395236969	0.6684298515319824
327	0.029370268806815147	0.15044140815734863	0.6704472899436951
328	0.029280681163072586	0.15034455060958862	0.6709538102149963
329	0.02917325124144554	0.14968441426753998	0.6697182059288025
330	0.030019158497452736	0.14932408928871155	0.6667219400405884
331	0.02854231931269169	0.15009313821792603	0.6656317710876465
332	0.030521245673298836	0.1526099294424057	0.6660538911819458
333	0.029783643782138824	0.14981430768966675	0.6687408685684204
334	0.028562208637595177	0.14670808613300323	0.6712307929992676
335	0.028783759102225304	0.14780184626579285	0.6709911823272705
336	0.0289275161921978	0.14983396232128143	0.6710754632949829
337	0.03049660660326481	0.14794060587882996	0.673328697681427
338	0.028209522366523743	0.14579534530639648	0.6755384206771851
339	0.02997555211186409	0.14896076917648315	0.672387957572937
340	0.029088018462061882	0.15014034509658813	0.6682523488998413
341	0.029905909672379494	0.1484266072511673	0.667451024055481
342	0.029235828667879105	0.14643201231956482	0.6694487929344177
343	0.030631914734840393	0.14634455740451813	0.6734358072280884
344	0.02898521162569523	0.15046782791614532	0.6735625267028809
345	0.03015698492527008	0.14981873333454132	0.6725669503211975
346	0.027683258056640625	0.14656972885131836	0.6733084321022034
347	0.02977197803556919	0.14638236165046692	0.6726358532905579
348	0.028917625546455383	0.15149258077144623	0.6692714095115662
349	0.030074210837483406	0.1506825089454651	0.6715527176856995
350	0.03080989047884941	0.14646399021148682	0.6762057542800903
351	0.029933815822005272	0.1470385044813156	0.6758425235748291
352	0.03067360818386078	0.15009945631027222	0.6705378293991089
353	0.028278423473238945	0.15024244785308838	0.6669952273368835
354	0.030271334573626518	0.14745871722698212	0.6683505773544312
355	0.0290501918643713	0.1471472680568695	0.6703939437866211
356	0.028318015858530998	0.14976812899112701	0.669731080532074
357	0.028575362637639046	0.15225918591022491	0.667106032371521
358	0.02939540520310402	0.148024320602417	0.6680830121040344
359	0.02718159183859825	0.1467280238866806	0.6682916283607483
360	0.029570916667580605	0.14817988872528076	0.6685903072357178
361	0.027450140565633774	0.14896553754806519	0.6683511137962341
362	0.029436741024255753	0.1481969654560089	0.6691644787788391
363	0.02860780991613865	0.1469859778881073	0.6690994501113892
364	0.027905596420168877	0.14670032262802124	0.6684800982475281
365	0.028293970972299576	0.14856858551502228	0.6695072650909424
366	0.028115391731262207	0.14906668663024902	0.6711750030517578
367	0.02823459543287754	0.14869186282157898	0.6727254390716553
368	0.027843208983540535	0.1505204737186432	0.6729469299316406
369	0.028810221701860428	0.15170113742351532	0.6726832985877991
370	0.027937740087509155	0.1517811417579651	0.67144775390625
371	0.028455324470996857	0.1497267186641693	0.6702011227607727
372	0.027457300573587418	0.1484299898147583	0.6707298159599304
373	0.028386259451508522	0.14863283932209015	0.6715061068534851
374	0.028077736496925354	0.14989103376865387	0.6704118251800537
375	0.029025588184595108	0.148478701710701	0.67219477891922
376	0.02882733941078186	0.1475074589252472	0.6767739057540894
377	0.02902829274535179	0.1485363245010376	0.6815558075904846
378	0.02753443457186222	0.15070247650146484	0.6808187365531921
379	0.030420729890465736	0.14585371315479279	0.6813877820968628
380	0.028533034026622772	0.14311370253562927	0.6817417144775391
381	0.029410487040877342	0.1447172313928604	0.6790875792503357
382	0.028271080926060677	0.15041428804397583	0.6735585927963257
383	0.029064111411571503	0.15197043120861053	0.6713533997535706
384	0.030786624178290367	0.14727458357810974	0.6744680404663086
385	0.028444619849324226	0.1455075442790985	0.6779505610466003
386	0.030955567955970764	0.14851002395153046	0.6785250902175903
387	0.028626877814531326	0.15359386801719666	0.6779609322547913
388	0.031083419919013977	0.15109947323799133	0.6789624691009521
389	0.028343332931399345	0.14731042087078094	0.6792144179344177
390	0.029369201511144638	0.1476462334394455	0.6764417886734009
391	0.02754361741244793	0.15008972585201263	0.6749556660652161
392	0.028973031789064407	0.15153300762176514	0.67328941822052
393	0.028421523049473763	0.14998427033424377	0.6695830225944519
394	0.02754382975399494	0.15056800842285156	0.6665631532669067
395	0.02703508734703064	0.1521807760000229	0.6641393303871155
396	0.02753588929772377	0.15323679149150848	0.6635828018188477
397	0.028602801263332367	0.15414629876613617	0.6615724563598633
398	0.02821492776274681	0.15311065316200256	0.6613998413085938
399	0.028425658121705055	0.1516728550195694	0.6614524722099304
400	0.027383819222450256	0.14944946765899658	0.6636658906936646
401	0.026937289163470268	0.1469135582447052	0.6710036993026733
402	0.02821861021220684	0.14608550071716309	0.6775555610656738
403	0.02776849828660488	0.14609192311763763	0.6809026598930359
404	0.027906222268939018	0.14647382497787476	0.6801092028617859
405	0.027806570753455162	0.14690802991390228	0.6778476238250732
406	0.027295339852571487	0.14795799553394318	0.6748765707015991
407	0.027500880882143974	0.14820948243141174	0.6725926399230957
408	0.02782622165977955	0.14792655408382416	0.6710216999053955
409	0.028173139318823814	0.14799657464027405	0.6695054173469543
410	0.027622370049357414	0.1475173681974411	0.66898512840271
411	0.02676079049706459	0.14897681772708893	0.6665252447128296
412	0.027030058205127716	0.15167981386184692	0.6625505685806274
413	0.02864801697432995	0.15049566328525543	0.6648131608963013
414	0.027417050674557686	0.14764142036437988	0.6707048416137695
415	0.026693208143115044	0.14756889641284943	0.6739335656166077
416	0.027534976601600647	0.1493520438671112	0.6749438047409058
417	0.02737582102417946	0.14828082919120789	0.6749246120452881
418	0.026427702978253365	0.14820118248462677	0.6718102693557739
419	0.026924341917037964	0.1496390551328659	0.6698116064071655
420	0.027553005144000053	0.1500716358423233	0.6703741550445557
421	0.027693018317222595	0.1494271159172058	0.6714185476303101
422	0.026370691135525703	0.14716613292694092	0.6738582253456116
423	0.02708100527524948	0.14618323743343353	0.6746973991394043
424	0.026568204164505005	0.14710122346878052	0.6717939376831055
425	0.027221085503697395	0.14810951054096222	0.669324517250061
426	0.02741541527211666	0.14985968172550201	0.6681118011474609
427	0.02804015576839447	0.15070684254169464	0.6665560007095337
428	0.026230813935399055	0.14942358434200287	0.6658082604408264
429	0.02624320052564144	0.14973194897174835	0.6627950072288513
430	0.02526596561074257	0.14945797622203827	0.6615359783172607
431	0.026357783004641533	0.1498432606458664	0.6620216965675354
432	0.027062315493822098	0.15017788112163544	0.6631882786750793
433	0.02559354342520237	0.15001675486564636	0.6653355956077576
434	0.02624252252280712	0.14963874220848083	0.6666913628578186
435	0.026542238891124725	0.14851953089237213	0.6640053391456604
436	0.026412077248096466	0.14737831056118011	0.6637366414070129
437	0.026209473609924316	0.1462206393480301	0.667572557926178
438	0.026008397340774536	0.14632253348827362	0.6706563830375671
439	0.025087352842092514	0.1468544900417328	0.672091543674469
440	0.027239153161644936	0.14830738306045532	0.6681615710258484
441	0.02632661536335945	0.1489562839269638	0.6660904288291931
442	0.028349338099360466	0.14771264791488647	0.6704700589179993
443	0.026526644825935364	0.14801201224327087	0.6722415089607239
444	0.026402384042739868	0.1484581083059311	0.6715664863586426
445	0.026305753737688065	0.14841684699058533	0.6683052182197571
446	0.02703152969479561	0.15005752444267273	0.6659262776374817
447	0.02771175280213356	0.15148164331912994	0.6672428846359253
448	0.027078671380877495	0.14878055453300476	0.6722239851951599
449	0.02543555572628975	0.14626842737197876	0.6773095726966858
450	0.02691292017698288	0.1453331559896469	0.6793491840362549
451	0.027386847883462906	0.14655722677707672	0.6765032410621643
452	0.026393044739961624	0.1482468545436859	0.6701262593269348
453	0.02690143696963787	0.14908596873283386	0.6673606038093567
454	0.027021639049053192	0.14868579804897308	0.6691721081733704
455	0.02698564901947975	0.1490582823753357	0.6717615127563477
456	0.027133870869874954	0.15006397664546967	0.6717398166656494
457	0.02593735046684742	0.14949224889278412	0.6704590320587158
458	0.026414085179567337	0.14958274364471436	0.6679971814155579
459	0.02759712003171444	0.14848960936069489	0.6652504205703735
460	0.026969684287905693	0.147905170917511	0.6636966466903687
461	0.026034662500023842	0.14968828856945038	0.6629449725151062
462	0.025493508204817772	0.14997033774852753	0.6638834476470947
463	0.028490262106060982	0.14871960878372192	0.6658164858818054
464	0.026364006102085114	0.14773857593536377	0.6675286293029785
465	0.02647779881954193	0.14923101663589478	0.6671879291534424
466	0.02644643932580948	0.14896687865257263	0.6693604588508606
467	0.026589343324303627	0.14648084342479706	0.6753382086753845
468	0.02570703811943531	0.14637239277362823	0.6797600388526917
469	0.027105888351798058	0.14847327768802643	0.6801056861877441
470	0.02768532559275627	0.1499594897031784	0.6761355400085449
471	0.027144521474838257	0.14817146956920624	0.6718685626983643
472	0.026303797960281372	0.14877846837043762	0.6687110662460327
473	0.025726256892085075	0.15134941041469574	0.6660851240158081
474	0.027851710096001625	0.15126901865005493	0.6701318025588989
475	0.02679121308028698	0.1492214798927307	0.6742444634437561
476	0.02672773040831089	0.14705076813697815	0.6749289035797119
477	0.026607219129800797	0.14670716226100922	0.6725174784660339
478	0.02563636004924774	0.1473853886127472	0.6690273284912109
479	0.026477420702576637	0.14769603312015533	0.6659598350524902
480	0.02655547484755516	0.1493242383003235	0.6650523543357849
481	0.02564985118806362	0.15047587454319	0.6677760481834412
482	0.025817137211561203	0.1492033302783966	0.67160964012146
483	0.02572765201330185	0.14924529194831848	0.6721926927566528
484	0.02524743042886257	0.1495458334684372	0.6716081500053406
485	0.026054738089442253	0.14856858551502228	0.6722297668457031
486	0.02625470981001854	0.1455555260181427	0.6754926443099976
487	0.02590763196349144	0.14657944440841675	0.6743751168251038
488	0.025924453511834145	0.14893990755081177	0.6706887483596802
489	0.02671884372830391	0.14825738966464996	0.6686227321624756
490	0.026418812572956085	0.1481236219406128	0.6667851805686951
491	0.02512606792151928	0.1503816395998001	0.6632108092308044
492	0.025963004678487778	0.15076997876167297	0.6647375226020813
493	0.025534292683005333	0.1482079029083252	0.6684748530387878
494	0.02589835785329342	0.14775778353214264	0.6691993474960327
495	0.026007752865552902	0.1498219221830368	0.6676680445671082
496	0.026450885459780693	0.14988359808921814	0.6657493114471436
497	0.027014922350645065	0.14772383868694305	0.6669361591339111
498	0.026240350678563118	0.1496519297361374	0.6661279201507568
499	0.026100004091858864	0.15235084295272827	0.6631085872650146
500	0.025813814252614975	0.15179210901260376	0.6629340052604675
501	0.026294177398085594	0.14985187351703644	0.6640685796737671
502	0.025044269859790802	0.14784908294677734	0.6695442795753479
503	0.025076383724808693	0.14804227650165558	0.6722300052642822
504	0.02515261061489582	0.14893564581871033	0.6718504428863525
505	0.025016572326421738	0.14908502995967865	0.6694868803024292
506	0.02462410181760788	0.14944037795066833	0.6669558882713318
507	0.0258022453635931	0.1498333215713501	0.6664593815803528
508	0.026497898623347282	0.15273235738277435	0.665650486946106
509	0.025522902607917786	0.1525060385465622	0.666273295879364
510	0.025980941951274872	0.1498386561870575	0.6682410836219788
511	0.025829587131738663	0.14895129203796387	0.6685867309570312
512	0.025760143995285034	0.15110240876674652	0.6671380400657654
513	0.024577777832746506	0.14993055164813995	0.6667487621307373
514	0.02665567956864834	0.14773772656917572	0.6691213250160217
515	0.02550455741584301	0.1476004421710968	0.6726523041725159
516	0.02470911107957363	0.1490980088710785	0.6728352308273315
517	0.02547759748995304	0.15077653527259827	0.6689385175704956
518	0.02586641162633896	0.15169788897037506	0.6653116941452026
519	0.026109319180250168	0.15210865437984467	0.6643895506858826
520	0.025242112576961517	0.15241989493370056	0.6640781760215759
521	0.024471191689372063	0.1504887044429779	0.6667588353157043
522	0.024737220257520676	0.14849026501178741	0.6699327230453491
523	0.02496952749788761	0.1472923457622528	0.6726342439651489
524	0.0249959584325552	0.14669066667556763	0.6744557023048401
525	0.025578156113624573	0.14676186442375183	0.6752133965492249
526	0.026214735582470894	0.14734463393688202	0.673769474029541
527	0.02614434063434601	0.14740605652332306	0.6712564826011658
528	0.02462340146303177	0.14939972758293152	0.6675101518630981
529	0.025998147204518318	0.15119272470474243	0.6653253436088562
530	0.02596091851592064	0.1512865573167801	0.6672765612602234
531	0.025441894307732582	0.14833363890647888	0.6716931462287903
532	0.024821290746331215	0.14804194867610931	0.6737114191055298
533	0.02538362890481949	0.1485862135887146	0.6738455891609192
534	0.026072613894939423	0.15054906904697418	0.6707668304443359
535	0.02528739720582962	0.15070374310016632	0.6679455041885376
536	0.02527545765042305	0.15004338324069977	0.6685460805892944
537	0.025419164448976517	0.15052476525306702	0.6686455011367798
538	0.025092914700508118	0.1513727456331253	0.6692691445350647
539	0.024462303146719933	0.15111206471920013	0.6705080270767212
540	0.025246769189834595	0.14717170596122742	0.674178957939148
541	0.02409743331372738	0.14547187089920044	0.677869439125061
542	0.02630164474248886	0.14660540223121643	0.6788075566291809
543	0.024036822840571404	0.14964988827705383	0.6767258048057556
544	0.02558150142431259	0.14937764406204224	0.6741105318069458
545	0.024578554555773735	0.14804305136203766	0.6724068522453308
546	0.025439323857426643	0.1486513912677765	0.6707213521003723
547	0.02591446414589882	0.15106524527072906	0.6691611409187317
548	0.026477519422769547	0.15081888437271118	0.6694889068603516
549	0.02594980224967003	0.14744168519973755	0.6718927621841431
550	0.024233054369688034	0.146579772233963	0.6734192967414856
551	0.026065193116664886	0.14755886793136597	0.6735678911209106
552	0.02651297301054001	0.150284081697464	0.6714959144592285
553	0.024438241496682167	0.15172162652015686	0.6699473857879639
554	0.024585718289017677	0.14944735169410706	0.6709684133529663
555	0.025309531018137932	0.14876529574394226	0.6731050610542297
556	0.026368504390120506	0.14998099207878113	0.6752790808677673
557	0.02517424151301384	0.15176697075366974	0.6768484115600586
558	0.0257223229855299	0.1492081582546234	0.6754741072654724
559	0.024160970002412796	0.14911547303199768	0.6707396507263184
560	0.0257251039147377	0.15142421424388885	0.6647768020629883
561	0.02464567869901657	0.15095245838165283	0.6646785736083984
562	0.024517638608813286	0.15086597204208374	0.6644436120986938
563	0.025936264544725418	0.1516859382390976	0.6632731556892395
564	0.025454161688685417	0.1520777940750122	0.6620969176292419
565	0.02558249607682228	0.14982759952545166	0.6642874479293823
566	0.024164292961359024	0.14791938662528992	0.6693627834320068
567	0.024155912920832634	0.14765146374702454	0.6743756532669067
568	0.024959072470664978	0.14714060723781586	0.6761822700500488
569	0.024867083877325058	0.145206019282341	0.6768827438354492
570	0.026059206575155258	0.1477229744195938	0.6731179356575012
571	0.024798531085252762	0.1512240469455719	0.6682036519050598
572	0.025422334671020508	0.15246812999248505	0.667490541934967
573	0.026844719424843788	0.1488516628742218	0.6716040968894958
574	0.025453519076108932	0.1471085548400879	0.6750630140304565
575	0.025701915845274925	0.14854662120342255	0.6740711331367493
576	0.024715671315789223	0.15031737089157104	0.6713356375694275
577	0.025234639644622803	0.15069803595542908	0.6684611439704895
578	0.024052005261182785	0.14910835027694702	0.6674959659576416
579	0.02376502752304077	0.14822672307491302	0.6683779954910278
580	0.024855101481080055	0.1480414867401123	0.6701509952545166
581	0.024708596989512444	0.14852653443813324	0.6703923940658569
582	0.024047834798693657	0.1469324231147766	0.6711848974227905
583	0.025342803448438644	0.14581283926963806	0.6705701947212219
584	0.0248580202460289	0.1464994102716446	0.6696018576622009
585	0.024706702679395676	0.14988677203655243	0.6676393747329712
586	0.023935789242386818	0.1513919085264206	0.6670967936515808
587	0.025558598339557648	0.14913509786128998	0.6689049601554871
588	0.024754982441663742	0.1492895931005478	0.6672990918159485
589	0.025488315150141716	0.15026871860027313	0.6666280627250671
590	0.02484702132642269	0.153085857629776	0.6658927202224731
591	0.02456357516348362	0.15357744693756104	0.6680881977081299
592	0.02462085895240307	0.150115504860878	0.6732306480407715
593	0.024898409843444824	0.14656658470630646	0.6771370768547058
594	0.024273568764328957	0.14632071554660797	0.6781459450721741
595	0.025700928643345833	0.1475643664598465	0.6774359941482544
596	0.026012234389781952	0.14774483442306519	0.6749727725982666
597	0.024368738755583763	0.14886638522148132	0.6726462841033936
598	0.02563043124973774	0.14962418377399445	0.6706324815750122
599	0.025968730449676514	0.14809681475162506	0.6701253056526184
600	0.024860605597496033	0.14839895069599152	0.6671938896179199
601	0.02488144114613533	0.14946164190769196	0.6654455065727234
602	0.024026978760957718	0.1495901495218277	0.6666543483734131
603	0.024071479216217995	0.14713047444820404	0.6726323962211609
604	0.02330363728106022	0.1475265622138977	0.6766431331634521
605	0.02482772059738636	0.14785127341747284	0.6781371235847473
606	0.024211527779698372	0.1480218917131424	0.675909161567688
607	0.02495378814637661	0.14901068806648254	0.6720094680786133
608	0.024706969037652016	0.149626225233078	0.6713421940803528
609	0.02411372773349285	0.1491890698671341	0.6730230450630188
610	0.023736435920000076	0.14966179430484772	0.673676073551178
611	0.024226825684309006	0.1489265263080597	0.6743742227554321
612	0.024347437545657158	0.14751257002353668	0.6742177605628967
613	0.024310551583766937	0.14647379517555237	0.6734718680381775
614	0.024186760187149048	0.14770710468292236	0.6721763610839844
615	0.024639638140797615	0.14984789490699768	0.6710436344146729
616	0.024595610797405243	0.15004238486289978	0.6699619293212891
617	0.024470724165439606	0.14978660643100739	0.6692154407501221
618	0.023930558934807777	0.14912497997283936	0.670943558216095
619	0.02430478110909462	0.14827421307563782	0.6741448044776917
620	0.023472389206290245	0.14833907783031464	0.6771327257156372
621	0.02361333556473255	0.14810813963413239	0.6779805421829224
622	0.02350304089486599	0.14812253415584564	0.6765480637550354
623	0.024055244401097298	0.14939486980438232	0.6728305816650391
624	0.023527801036834717	0.1503729373216629	0.671536386013031
625	0.024498872458934784	0.1519773304462433	0.6714473366737366
626	0.024403968825936317	0.15060430765151978	0.6723691821098328
627	0.023733051493763924	0.14998139441013336	0.6725330948829651
628	0.024050885811448097	0.15085355937480927	0.6716550588607788
629	0.023736320436000824	0.15151993930339813	0.6703900694847107
630	0.023532887920737267	0.14964918792247772	0.6701850891113281
631	0.02358897775411606	0.1491183489561081	0.6702245473861694
632	0.024383483454585075	0.14974382519721985	0.6709223389625549
633	0.024542484432458878	0.1504165381193161	0.6714635491371155
634	0.023907380178570747	0.1494329869747162	0.6714620590209961
635	0.02356676384806633	0.14788858592510223	0.6733933091163635
636	0.023407014086842537	0.14779140055179596	0.67424076795578
637	0.024380648508667946	0.1478336602449417	0.6746177673339844
638	0.023589488118886948	0.14904361963272095	0.6732968091964722
639	0.023656409233808517	0.1503666192293167	0.672035276889801
640	0.0241957139223814	0.1501414179801941	0.6726659536361694
641	0.023623989894986153	0.14845159649848938	0.6736058592796326
642	0.02458927594125271	0.14747971296310425	0.674066960811615
643	0.023944713175296783	0.14893706142902374	0.6724365949630737
644	0.02400416135787964	0.15110552310943604	0.6697666049003601
645	0.024548176676034927	0.15016983449459076	0.6694073677062988
646	0.023867977783083916	0.14861637353897095	0.6677460074424744
647	0.024692164734005928	0.1491021066904068	0.6643741726875305
648	0.024878516793251038	0.15204493701457977	0.6621402502059937
649	0.024708932265639305	0.15045298635959625	0.6647096872329712
650	0.024352459236979485	0.1486879289150238	0.6679816842079163
651	0.023705720901489258	0.14958420395851135	0.6695274710655212
652	0.025159109383821487	0.15044686198234558	0.6706722974777222
653	0.023799285292625427	0.1497512012720108	0.6714640259742737
654	0.02393287979066372	0.14807860553264618	0.6731964349746704
655	0.023837503045797348	0.14738114178180695	0.6739678978919983
656	0.02315410226583481	0.14816758036613464	0.6734304428100586
657	0.02409498766064644	0.14781725406646729	0.6728222966194153
658	0.02410813421010971	0.1470196545124054	0.6739367246627808
659	0.023974329233169556	0.14665117859840393	0.6772929430007935
660	0.024362759664654732	0.14649298787117004	0.6815688014030457
661	0.02424587868154049	0.14827929437160492	0.6839519739151001
662	0.024298669770359993	0.14795902371406555	0.6822224855422974
663	0.02394185960292816	0.14683349430561066	0.6790566444396973
664	0.024280952289700508	0.14839188754558563	0.6730708479881287
665	0.022901946678757668	0.15046614408493042	0.6688064932823181
666	0.023700453341007233	0.15102910995483398	0.6685389876365662
667	0.02363405004143715	0.1490086317062378	0.670839786529541
668	0.024200620129704475	0.14881277084350586	0.672145664691925
669	0.0240449458360672	0.15062464773654938	0.6718257665634155
670	0.02350517176091671	0.15295210480690002	0.6684561371803284
671	0.023699969053268433	0.15167754888534546	0.6668635606765747
672	0.02263391949236393	0.14928637444972992	0.6681804656982422
673	0.024035068228840828	0.15041697025299072	0.6694362759590149
674	0.023799777030944824	0.15261965990066528	0.6690850257873535
675	0.025296421721577644	0.15125702321529388	0.670020341873169
676	0.02443976141512394	0.14851167798042297	0.6719467043876648
677	0.023647481575608253	0.14662154018878937	0.6745330095291138
678	0.023977717384696007	0.14834502339363098	0.6737495064735413
679	0.024215200915932655	0.1520112007856369	0.6692628860473633
680	0.0236197579652071	0.15258389711380005	0.667208731174469
681	0.024090763181447983	0.15008382499217987	0.6680302619934082
682	0.02220369689166546	0.14775897562503815	0.6709407567977905
683	0.022950004786252975	0.14829394221305847	0.6714315414428711
684	0.023632075637578964	0.14968489110469818	0.6702873706817627
685	0.024002447724342346	0.14987124502658844	0.6680763959884644
686	0.022135386243462563	0.1491585671901703	0.6686437129974365
687	0.023239772766828537	0.14994776248931885	0.669252336025238
688	0.02352619729936123	0.1515343338251114	0.6680968999862671
689	0.02462959848344326	0.1517290621995926	0.6677203178405762
690	0.02332635037600994	0.14993858337402344	0.6693264245986938
691	0.023421933874487877	0.1497424691915512	0.6712287664413452
692	0.023578748106956482	0.15163233876228333	0.6703011393547058
693	0.023613838478922844	0.15276919305324554	0.668569803237915
694	0.02308695949614048	0.15204839408397675	0.667542576789856
695	0.022778309881687164	0.15111732482910156	0.6670508980751038
696	0.022121410816907883	0.15134817361831665	0.6676762700080872
697	0.02303900010883808	0.15315309166908264	0.6688057780265808
698	0.02304031327366829	0.15272009372711182	0.671631932258606
699	0.02332250215113163	0.14998824894428253	0.6740278005599976
700	0.02267269231379032	0.1492997258901596	0.674060046672821
701	0.02316519059240818	0.15035469830036163	0.6725949645042419
702	0.022790683433413506	0.15221263468265533	0.6710953116416931
703	0.023700453341007233	0.15119603276252747	0.6702796220779419
704	0.02302566170692444	0.15041619539260864	0.6676493883132935
705	0.023149527609348297	0.15022791922092438	0.6661949157714844
706	0.023310169577598572	0.14982746541500092	0.6681880354881287
707	0.023791953921318054	0.14890064299106598	0.6715527176856995
708	0.02301107533276081	0.15002016723155975	0.6737093329429626
709	0.02313949540257454	0.15037211775779724	0.6737766861915588
710	0.02321391925215721	0.15029378235340118	0.672534704208374
711	0.02342996932566166	0.15027135610580444	0.6689107418060303
712	0.023728331550955772	0.15135394036769867	0.6662193536758423
713	0.023332679644227028	0.1529937982559204	0.6667968034744263
714	0.02314089424908161	0.152719184756279	0.6704111695289612
715	0.023396823555231094	0.1503032147884369	0.6738320589065552
716	0.022735679522156715	0.1485983282327652	0.6758456230163574
717	0.023586878553032875	0.14878696203231812	0.6757376790046692
718	0.023077789694070816	0.14993827044963837	0.6754379272460938
719	0.02215540036559105	0.15165045857429504	0.6732932329177856
720	0.02284742146730423	0.15127456188201904	0.6714845895767212
721	0.023748764768242836	0.15141552686691284	0.6697854399681091
722	0.023703617975115776	0.15309515595436096	0.6680727601051331
723	0.0238790325820446	0.15307284891605377	0.669045627117157
724	0.022922290489077568	0.15126262605190277	0.671523928642273
725	0.022452140226960182	0.15043820440769196	0.6723098158836365
726	0.02216997928917408	0.1517827957868576	0.6712758541107178
727	0.02299375832080841	0.1527896523475647	0.6696635484695435
728	0.02204684168100357	0.1511698067188263	0.6694401502609253
729	0.02230067551136017	0.15003561973571777	0.669383704662323
730	0.023106200620532036	0.15065841376781464	0.6691362261772156
731	0.022374005988240242	0.15174716711044312	0.6682351231575012
732	0.022860225290060043	0.1510269045829773	0.6697878241539001
733	0.021962586790323257	0.1499837040901184	0.6726992130279541
734	0.022938555106520653	0.149176687002182	0.6742954850196838
735	0.023409666493535042	0.14999131858348846	0.6727272868156433
736	0.023610448464751244	0.15019211173057556	0.6719458103179932
737	0.022947274148464203	0.1511051207780838	0.66929692029953
738	0.02233760431408882	0.15302467346191406	0.6648384928703308
739	0.022599030286073685	0.1524474024772644	0.6647459864616394
740	0.02224632538855076	0.15011882781982422	0.6685456037521362
741	0.022981079295277596	0.14987583458423615	0.6727432012557983
742	0.023355698212981224	0.1516287922859192	0.6765576004981995
743	0.02377306856215	0.14839281141757965	0.6799929738044739
744	0.022383317351341248	0.146219864487648	0.6815396547317505
745	0.022540654987096786	0.14637036621570587	0.6803298592567444
746	0.023379947990179062	0.14907582104206085	0.6766577959060669
747	0.02357432432472706	0.15096086263656616	0.6735803484916687
748	0.022798001766204834	0.15120138227939606	0.6715295910835266
749	0.023913616314530373	0.15031516551971436	0.67367023229599
750	0.023241719231009483	0.15006321668624878	0.6755621433258057
751	0.022495348006486893	0.1508432924747467	0.6759161949157715
752	0.023249436169862747	0.15045270323753357	0.6751874089241028
753	0.02218552865087986	0.15052907168865204	0.6741737723350525
754	0.023516489192843437	0.15044191479682922	0.6741000413894653
755	0.02266831323504448	0.15022146701812744	0.6747696399688721
756	0.02315916307270527	0.14898771047592163	0.6756598949432373
757	0.022189997136592865	0.1501104086637497	0.6740125417709351
758	0.02270699292421341	0.1519671231508255	0.6715097427368164
759	0.022584112361073494	0.1516071856021881	0.6733071804046631
760	0.022220615297555923	0.1492355763912201	0.6773402690887451
761	0.022471314296126366	0.1470298171043396	0.6802715063095093
762	0.023967569693922997	0.1465102881193161	0.6809626221656799
763	0.02293417416512966	0.14840714633464813	0.6786237955093384
764	0.022847799584269524	0.1496829092502594	0.6757708191871643
765	0.022437751293182373	0.15087904036045074	0.6719721555709839
766	0.022606883198022842	0.15216052532196045	0.6705392003059387
767	0.02332424558699131	0.15208832919597626	0.670956552028656
768	0.022377144545316696	0.15137922763824463	0.6712585687637329
769	0.021629780530929565	0.15081411600112915	0.6727418303489685
770	0.02272193133831024	0.14990687370300293	0.6724989414215088
771	0.022518938407301903	0.14927609264850616	0.670445442199707
772	0.023502258583903313	0.15087473392486572	0.667158305644989
773	0.023106897249817848	0.15297961235046387	0.6659060716629028
774	0.023304108530282974	0.1520186811685562	0.6673216223716736
775	0.022716008126735687	0.15055863559246063	0.6689504384994507
776	0.02317863516509533	0.15058612823486328	0.6708804368972778
777	0.02245790883898735	0.15129096806049347	0.6723178029060364
778	0.02247946336865425	0.15104039013385773	0.6734867095947266
779	0.023251114413142204	0.1488574743270874	0.674332857131958
780	0.022865258157253265	0.1480751931667328	0.6731716394424438
781	0.023167569190263748	0.14918945729732513	0.6721816658973694
782	0.02181256376206875	0.1512574851512909	0.6693106293678284
783	0.02323042042553425	0.1524338722229004	0.6656886339187622
784	0.022547312080860138	0.15271982550621033	0.6639309525489807
785	0.022260431200265884	0.1510714888572693	0.6669105887413025
786	0.02255115658044815	0.1504877209663391	0.6700540781021118
787	0.022376516833901405	0.152525395154953	0.6715954542160034
788	0.022282538935542107	0.15484720468521118	0.6717882752418518
789	0.022754061967134476	0.15373943746089935	0.6735354661941528
790	0.022836606949567795	0.15053240954875946	0.6752932667732239
791	0.022438252344727516	0.1496865451335907	0.6754772067070007
792	0.022484760731458664	0.15072309970855713	0.6738230586051941
793	0.022902054712176323	0.15152283012866974	0.6724296808242798
794	0.022411946207284927	0.15189817547798157	0.6709083914756775
795	0.023214401677250862	0.15073499083518982	0.6716201305389404
796	0.022453399375081062	0.1498391032218933	0.6736301183700562
797	0.02359369397163391	0.15027007460594177	0.6755384206771851
798	0.022376807406544685	0.14972074329853058	0.6762279272079468
799	0.0230121873319149	0.14862565696239471	0.6756056547164917
800	0.022613586857914925	0.14855720102787018	0.6727349758148193
801	0.022095447406172752	0.15027031302452087	0.669568657875061
802	0.022487055510282516	0.1520858258008957	0.6684179902076721
803	0.02317708730697632	0.15189260244369507	0.6686458587646484
804	0.0230015367269516	0.15061736106872559	0.6702854037284851
805	0.02258380502462387	0.15138043463230133	0.6710072755813599
806	0.022768773138523102	0.15254338085651398	0.6697888374328613
807	0.022374171763658524	0.1526976227760315	0.6697372198104858
808	0.02270272932946682	0.15153540670871735	0.6702980995178223
809	0.021037034690380096	0.15051496028900146	0.670703649520874
810	0.022458521649241447	0.15114665031433105	0.6699082851409912
811	0.02211235836148262	0.15364520251750946	0.6668487787246704
812	0.023088999092578888	0.15297681093215942	0.665097713470459
813	0.022179797291755676	0.15160883963108063	0.6647799611091614
814	0.021630780771374702	0.15067216753959656	0.6670952439308167
815	0.02291175350546837	0.15134760737419128	0.6707256436347961
816	0.02142476662993431	0.15143530070781708	0.6736012101173401
817	0.022892579436302185	0.1495540589094162	0.6760560870170593
818	0.022066542878746986	0.14939960837364197	0.6772671937942505
819	0.022001491859555244	0.15033957362174988	0.6769897937774658
820	0.02267877571284771	0.14967431128025055	0.6762130260467529
821	0.022914228960871696	0.14985817670822144	0.6750797629356384
822	0.02258056402206421	0.15085913240909576	0.6754336953163147
823	0.022288082167506218	0.14956976473331451	0.6752695441246033
824	0.021665167063474655	0.15025413036346436	0.6737715005874634
825	0.022967519238591194	0.15168309211730957	0.6722587943077087
826	0.02236020565032959	0.15122932195663452	0.6721882224082947
827	0.021371813490986824	0.15038928389549255	0.6723063588142395
828	0.02189166657626629	0.1507565677165985	0.6724308133125305
829	0.02124852128326893	0.15158410370349884	0.6732798218727112
830	0.0224912092089653	0.14935152232646942	0.674673318862915
831	0.022903842851519585	0.1490715742111206	0.6744263172149658
832	0.022330159321427345	0.150229349732399	0.6743717789649963
833	0.021950824186205864	0.15206560492515564	0.6719909310340881
834	0.022447505965828896	0.15209190547466278	0.6700528264045715
835	0.02276027947664261	0.15059301257133484	0.6708701252937317
836	0.02215682901442051	0.1494893878698349	0.6740223169326782
837	0.02201875112950802	0.14931811392307281	0.6762452721595764
838	0.022937370464205742	0.14987269043922424	0.674475371837616
839	0.02199908159673214	0.14999353885650635	0.671606183052063
840	0.02329838275909424	0.1507032811641693	0.6698687672615051
841	0.022464023903012276	0.15133629739284515	0.6692227125167847
842	0.021757351234555244	0.15197475254535675	0.6688690185546875
843	0.022284798324108124	0.15115417540073395	0.6691885590553284
844	0.02310781367123127	0.14923769235610962	0.6693325638771057
845	0.023242900148034096	0.14895130693912506	0.6707760095596313
846	0.023135317489504814	0.15014803409576416	0.6737018823623657
847	0.022433344274759293	0.15129347145557404	0.6739996671676636
848	0.02325984463095665	0.14995631575584412	0.6740275621414185
849	0.0229174941778183	0.1500462293624878	0.6705777049064636
850	0.023293208330869675	0.15174564719200134	0.6665343046188354
851	0.023199403658509254	0.15356355905532837	0.6659101843833923
852	0.022454380989074707	0.1543077975511551	0.6658731698989868
853	0.02313564345240593	0.15230721235275269	0.6670860052108765
854	0.022011972963809967	0.14913950860500336	0.6704351902008057
855	0.022509276866912842	0.14744386076927185	0.673156201839447
856	0.022366151213645935	0.1462472826242447	0.6779215335845947
857	0.021783463656902313	0.14757363498210907	0.6816614866256714
858	0.022050010040402412	0.14984601736068726	0.6787475347518921
859	0.022690456360578537	0.15014953911304474	0.6741605401039124
860	0.02218487113714218	0.15147972106933594	0.6705870628356934
861	0.02199658751487732	0.152971550822258	0.6696887612342834
862	0.021368252113461494	0.15121179819107056	0.6741928458213806
863	0.021349478513002396	0.15050554275512695	0.6765825152397156
864	0.021535005420446396	0.1498301923274994	0.6768369078636169
865	0.021580317988991737	0.14984838664531708	0.6766296625137329
866	0.021603252738714218	0.14897221326828003	0.6793002486228943
867	0.021115142852067947	0.1489586979150772	0.6810506582260132
868	0.022223135456442833	0.14929288625717163	0.6816539168357849
869	0.02226623333990574	0.1502142697572708	0.6799914240837097
870	0.02206067368388176	0.14947858452796936	0.6781226396560669
871	0.022123750299215317	0.15004479885101318	0.6747615337371826
872	0.021182434633374214	0.15202531218528748	0.672085702419281
873	0.02142942324280739	0.15292152762413025	0.6704567074775696
874	0.02207970805466175	0.1519971638917923	0.668872594833374
875	0.022049114108085632	0.15162917971611023	0.6681621074676514
876	0.022480379790067673	0.15271270275115967	0.6685751676559448
877	0.022450247779488564	0.15226320922374725	0.6721309423446655
878	0.022348884493112564	0.15152184665203094	0.6751142144203186
879	0.022047407925128937	0.15086832642555237	0.6778184771537781
880	0.02253584749996662	0.15006425976753235	0.6804496049880981
881	0.022415200248360634	0.14896611869335175	0.6830171346664429
882	0.022631490603089333	0.147579625248909	0.681729793548584
883	0.022090809419751167	0.14714178442955017	0.680262565612793
884	0.022373003885149956	0.1485396921634674	0.6784886121749878
885	0.022021278738975525	0.15285758674144745	0.6754626035690308
886	0.02348541095852852	0.15325433015823364	0.6737951636314392
887	0.022508075460791588	0.14988833665847778	0.6733709573745728
888	0.02164512127637863	0.1480792611837387	0.6735183000564575
889	0.022038063034415245	0.1481465995311737	0.6731336116790771
890	0.022258372977375984	0.14862097799777985	0.6729728579521179
891	0.022331899031996727	0.14850017428398132	0.6723293662071228
892	0.022499114274978638	0.14907203614711761	0.6707842350006104
893	0.021779710426926613	0.15073226392269135	0.6681407690048218
894	0.02282145991921425	0.15130949020385742	0.668570876121521
895	0.022210756316781044	0.1499822437763214	0.6705923676490784
896	0.023061508312821388	0.15018410980701447	0.6735625863075256
897	0.022220315411686897	0.15056359767913818	0.6752131581306458
898	0.0228393767029047	0.14974012970924377	0.6739562153816223
899	0.0214227344840765	0.14989377558231354	0.6731840372085571
900	0.021603036671876907	0.1516098827123642	0.6698688268661499
901	0.022432973608374596	0.1521190106868744	0.6667918562889099
902	0.021888993680477142	0.15106059610843658	0.6677802205085754
903	0.021382050588726997	0.1501174420118332	0.6720236539840698
904	0.021845733746886253	0.15046295523643494	0.6757327914237976
905	0.022172294557094574	0.150436669588089	0.6777762770652771
906	0.021710146218538284	0.15005610883235931	0.6796311736106873
907	0.022558387368917465	0.1496243178844452	0.6795593500137329
908	0.02197975106537342	0.1492743343114853	0.6774474382400513
909	0.021113436669111252	0.1505693942308426	0.6727138161659241
910	0.022056499496102333	0.15258508920669556	0.6675184965133667
911	0.02192968875169754	0.15286491811275482	0.6651459336280823
912	0.02159705013036728	0.15067791938781738	0.6685547232627869
913	0.021851832047104836	0.14945381879806519	0.6740983128547668
914	0.021901607513427734	0.1494298130273819	0.6770803332328796
915	0.023012688383460045	0.1493135541677475	0.6779772639274597
916	0.02209603041410446	0.14934338629245758	0.6763902902603149
917	0.022241313010454178	0.15025600790977478	0.672947347164154
918	0.022038502618670464	0.152950718998909	0.6690868139266968
919	0.022190112620592117	0.15232281386852264	0.6691195964813232
920	0.02194797433912754	0.14928044378757477	0.6731799244880676
921	0.02198963239789009	0.1491885632276535	0.6752188205718994
922	0.022278953343629837	0.1514451950788498	0.6736502647399902
923	0.021807614713907242	0.1536760777235031	0.6710569262504578
924	0.02236877754330635	0.15243488550186157	0.6693342924118042
925	0.022432558238506317	0.15016819536685944	0.6678921580314636
926	0.021794304251670837	0.15001139044761658	0.6669516563415527
927	0.022365417331457138	0.15144160389900208	0.6665518283843994
928	0.02194913476705551	0.15287081897258759	0.6665231585502625
929	0.02236238494515419	0.15144644677639008	0.6676172018051147
930	0.021573061123490334	0.15060994029045105	0.6672602891921997
931	0.021453842520713806	0.1512175053358078	0.6667035222053528
932	0.022174883633852005	0.15076324343681335	0.6719626784324646
933	0.021705057471990585	0.14944633841514587	0.6778295636177063
934	0.022715860977768898	0.14975281059741974	0.6778346300125122
935	0.022771095857024193	0.14876390993595123	0.6773602366447449
936	0.021862860769033432	0.14883190393447876	0.6760150194168091
937	0.021102512255311012	0.151184543967247	0.6724645495414734
938	0.022066446021199226	0.15274232625961304	0.6688989400863647
939	0.022600358352065086	0.1517506241798401	0.6676855087280273
940	0.022047009319067	0.15179502964019775	0.6683398485183716
941	0.021618494763970375	0.15319371223449707	0.6684818863868713
942	0.022755905985832214	0.1525140404701233	0.6695964336395264
943	0.02242468111217022	0.1497419774532318	0.6712816953659058
944	0.021581443026661873	0.14924968779087067	0.6739450693130493
945	0.02276979759335518	0.15232382714748383	0.6741005778312683
946	0.022102126851677895	0.15507042407989502	0.6719573140144348
947	0.02290058322250843	0.15078169107437134	0.6731976270675659
948	0.020998507738113403	0.14802464842796326	0.6750193238258362
949	0.02386484295129776	0.14853475987911224	0.6734271049499512
950	0.02238176390528679	0.15119533240795135	0.6717503666877747
951	0.02220339886844158	0.1512589156627655	0.6720824241638184
952	0.02285023219883442	0.14953626692295074	0.6726716756820679
953	0.02173496037721634	0.14848454296588898	0.6740131974220276
954	0.02175215259194374	0.1483476161956787	0.6754080653190613
955	0.022913293913006783	0.1494923233985901	0.6756744980812073
956	0.02177196927368641	0.15088221430778503	0.6740484833717346
957	0.021738523617386818	0.1508338749408722	0.6722948551177979
958	0.021296462044119835	0.15095748007297516	0.6718354225158691
959	0.021243300288915634	0.1524290144443512	0.6702127456665039
960	0.021016372367739677	0.15395262837409973	0.6698374152183533
961	0.022784510627388954	0.15294155478477478	0.6695771813392639
962	0.022001145407557487	0.15274731814861298	0.6691683530807495
963	0.020859677344560623	0.15270134806632996	0.6696082353591919
964	0.021837418898940086	0.1515568643808365	0.6726352572441101
965	0.021437451243400574	0.15074287354946136	0.6749289035797119
966	0.02180241048336029	0.15085196495056152	0.6736453771591187
967	0.021287288516759872	0.15089300274848938	0.6723700761795044
968	0.022700434550642967	0.15157005190849304	0.6723560094833374
969	0.022040551528334618	0.1518237292766571	0.6728624105453491
970	0.02191026695072651	0.15073758363723755	0.6741420030593872
971	0.02143476903438568	0.14991582930088043	0.673183023929596
972	0.021526936441659927	0.15202490985393524	0.6704795956611633
973	0.0213824100792408	0.1528218388557434	0.6713938117027283
974	0.02122088335454464	0.15162518620491028	0.6750473380088806
975	0.02146844193339348	0.15057353675365448	0.6781986951828003
976	0.02110917493700981	0.1515229344367981	0.6776617169380188
977	0.02207685075700283	0.15269938111305237	0.6760099530220032
978	0.02196482941508293	0.15217405557632446	0.6764455437660217
979	0.02207869663834572	0.1510872095823288	0.6788938045501709
980	0.0219343863427639	0.15088380873203278	0.6801726818084717
981	0.02132667787373066	0.1518741101026535	0.6796107888221741
982	0.02060713618993759	0.15155869722366333	0.6777499318122864
983	0.02207544632256031	0.15119832754135132	0.6740291118621826
984	0.02141820825636387	0.1504647433757782	0.673065185546875
985	0.02075493335723877	0.1500890552997589	0.6744375824928284
986	0.0206342414021492	0.14971299469470978	0.6779604554176331
987	0.021463409066200256	0.1496008336544037	0.6785781979560852
988	0.022174235433340073	0.1492612659931183	0.6760503649711609
989	0.021173980087041855	0.1522223800420761	0.6725293397903442
990	0.022190602496266365	0.15234529972076416	0.671942412853241
991	0.022424589842557907	0.1496746987104416	0.6746215224266052
992	0.020512280985713005	0.1486549824476242	0.6780023574829102
993	0.02273143082857132	0.14955006539821625	0.6783916354179382
994	0.022467760369181633	0.15087653696537018	0.6757803559303284
995	0.022472547367215157	0.15281730890274048	0.6725987792015076
996	0.022251149639487267	0.15410664677619934	0.6697067022323608
997	0.022378800436854362	0.15344850718975067	0.6698721051216125
998	0.022230684757232666	0.1539451628923416	0.6719639897346497
999	0.02185731567442417	0.15447048842906952	0.674089789390564
1000	0.02247518114745617	0.15155699849128723	0.6756179928779602
1001	0.021565061062574387	0.1496981680393219	0.6738482713699341
1002	0.022265972569584846	0.1505807638168335	0.6707072257995605
1003	0.021953430026769638	0.1519421488046646	0.6695027351379395
1004	0.021752167493104935	0.15342290699481964	0.6678667068481445
1005	0.02247844822704792	0.1526677906513214	0.6684896349906921
1006	0.0228581465780735	0.15107299387454987	0.6679519414901733
1007	0.023144574835896492	0.15186341106891632	0.6666982769966125
1008	0.021621741354465485	0.15304939448833466	0.6672071218490601
1009	0.021872391924262047	0.15166935324668884	0.6729397177696228
1010	0.02075003646314144	0.14852237701416016	0.6795224547386169
1011	0.02111145853996277	0.14692078530788422	0.6821345686912537
1012	0.022187383845448494	0.14761900901794434	0.680623471736908
1013	0.021973056718707085	0.14965008199214935	0.6761530637741089
1014	0.02196773886680603	0.1513204276561737	0.6702292561531067
1015	0.02132508158683777	0.15277576446533203	0.6666141152381897
1016	0.02109234221279621	0.15361863374710083	0.6660623550415039
1017	0.021747911348938942	0.1531996726989746	0.6684710383415222
1018	0.02131977118551731	0.15241622924804688	0.6700674295425415
1019	0.021868927404284477	0.15151427686214447	0.6717304587364197
1020	0.022137213498353958	0.1512090116739273	0.6726139187812805
1021	0.02211453951895237	0.1514764428138733	0.6724985837936401
1022	0.021826010197401047	0.15309494733810425	0.6693844795227051
1023	0.02136881649494171	0.15307416021823883	0.6686809659004211
1024	0.021565966308116913	0.15193262696266174	0.6707978844642639
1025	0.021309316158294678	0.15204374492168427	0.6727950572967529
1026	0.021959425881505013	0.15324178338050842	0.672107458114624
1027	0.021690793335437775	0.1527809053659439	0.6719639301300049
1028	0.021343164145946503	0.15231704711914062	0.6716148853302002
1029	0.020805994048714638	0.15096354484558105	0.672412633895874
1030	0.020649608224630356	0.15057837963104248	0.6709148287773132
1031	0.02165847271680832	0.15061110258102417	0.6694174408912659
1032	0.02099667116999626	0.15161661803722382	0.6688559055328369
1033	0.021252617239952087	0.1529313176870346	0.6686551570892334
1034	0.02165369875729084	0.15348125994205475	0.6695694327354431
1035	0.02204282395541668	0.15336628258228302	0.6708015203475952
1036	0.02101561613380909	0.15335756540298462	0.6713568568229675
1037	0.021417131647467613	0.15307730436325073	0.6717645525932312
1038	0.021226083859801292	0.1527467668056488	0.6724148988723755
1039	0.021152885630726814	0.15335698425769806	0.6726766228675842
1040	0.02212895080447197	0.15232208371162415	0.6726065874099731
1041	0.021462706848978996	0.1514667123556137	0.6723396182060242
1042	0.021054189652204514	0.1512443870306015	0.672256588935852
1043	0.02079237811267376	0.15212926268577576	0.6729092001914978
1044	0.020561831071972847	0.15237343311309814	0.6732609868049622
1045	0.021974466741085052	0.1517319232225418	0.6731464862823486
1046	0.0208897702395916	0.15179070830345154	0.6726782917976379
1047	0.02208801917731762	0.1537151038646698	0.6718844175338745
1048	0.020742863416671753	0.15478380024433136	0.6714626550674438
1049	0.021801302209496498	0.15290510654449463	0.6714591979980469
1050	0.020620593801140785	0.15196524560451508	0.6712952256202698
1051	0.020977526903152466	0.1523704081773758	0.673004150390625
1052	0.02085735835134983	0.15227916836738586	0.6755409240722656
1053	0.02092842385172844	0.15224573016166687	0.6763867735862732
1054	0.02050046995282173	0.152096226811409	0.6756903529167175
1055	0.02016276679933071	0.15221786499023438	0.6722635626792908
1056	0.02179436944425106	0.15208862721920013	0.668765664100647
1057	0.02164740115404129	0.15244227647781372	0.6663565635681152
1058	0.021430563181638718	0.15326565504074097	0.6640244126319885
1059	0.02135394886136055	0.15382762253284454	0.6626708507537842
1060	0.02185000479221344	0.15264548361301422	0.664300799369812
1061	0.02166011929512024	0.1511588990688324	0.6671140789985657
1062	0.02148851566016674	0.15054069459438324	0.6697747707366943
1063	0.02108762599527836	0.15088501572608948	0.671623945236206
1064	0.01967743970453739	0.15271273255348206	0.672768235206604
1065	0.021752383559942245	0.15320396423339844	0.6728208065032959
1066	0.020349889993667603	0.15368466079235077	0.6706136465072632
1067	0.022175446152687073	0.15475036203861237	0.6677616834640503
1068	0.021799204871058464	0.15454106032848358	0.6671870946884155
1069	0.021161388605833054	0.15290361642837524	0.6691709160804749
1070	0.021083641797304153	0.15164713561534882	0.6708433628082275
1071	0.021073320880532265	0.15089863538742065	0.6718037128448486
1072	0.01974622718989849	0.1505659520626068	0.6711616516113281
1073	0.02098005823791027	0.1517232358455658	0.6693708300590515
1074	0.02106909081339836	0.15213552117347717	0.6683337092399597
1075	0.020873885601758957	0.15240080654621124	0.6676205396652222
1076	0.021007681265473366	0.15309679508209229	0.6662474870681763
1077	0.02148432843387127	0.1541714370250702	0.665502667427063
1078	0.021093634888529778	0.156145840883255	0.6642374396324158
1079	0.02155628241598606	0.15445226430892944	0.6664490699768066
1080	0.021128231659531593	0.1516381949186325	0.6701368093490601
1081	0.021029170602560043	0.15079808235168457	0.6716611385345459
1082	0.020364804193377495	0.151615172624588	0.6733761429786682
1083	0.020335925742983818	0.1519632339477539	0.6746626496315002
1084	0.021015534177422523	0.15156778693199158	0.6736263036727905
1085	0.021138498559594154	0.15039706230163574	0.6734204888343811
1086	0.020915469154715538	0.15113961696624756	0.671385645866394
1087	0.021178750321269035	0.1517944633960724	0.6712474822998047
1088	0.021388744935393333	0.15119075775146484	0.6725979447364807
1089	0.020544320344924927	0.15118402242660522	0.6731874942779541
1090	0.020005187019705772	0.15221790969371796	0.6742193698883057
1091	0.021470017731189728	0.15246739983558655	0.675203800201416
1092	0.02113741636276245	0.1516069769859314	0.6740212440490723
1093	0.02082565799355507	0.15039975941181183	0.6727955341339111
1094	0.021482953801751137	0.15103444457054138	0.6700824499130249
1095	0.020378632470965385	0.15186119079589844	0.6671092510223389
1096	0.02093372866511345	0.15245631337165833	0.6654047966003418
1097	0.020948071032762527	0.15216360986232758	0.6658738851547241
1098	0.020761877298355103	0.15250320732593536	0.668039858341217
1099	0.022091900929808617	0.1543271392583847	0.6695245504379272
1100	0.021273909136652946	0.1547473818063736	0.6718728542327881
1101	0.02219056524336338	0.15273208916187286	0.6741779446601868
1102	0.020262662321329117	0.15063688158988953	0.6765236854553223
1103	0.02026362344622612	0.15053468942642212	0.6782135367393494
1104	0.020347030833363533	0.1501617431640625	0.6776257753372192
1105	0.02036949060857296	0.15036123991012573	0.6780368685722351
1106	0.020591890439391136	0.15024448931217194	0.6794083714485168
1107	0.02107275277376175	0.15072518587112427	0.6795539855957031
1108	0.02102782018482685	0.14963887631893158	0.6794648170471191
1109	0.02241184189915657	0.149973526597023	0.6775754690170288
1110	0.02118055336177349	0.1511591523885727	0.6748220920562744
1111	0.021173235028982162	0.1528945416212082	0.6719031929969788
1112	0.02086184360086918	0.15352554619312286	0.6702646017074585
1113	0.021460600197315216	0.15269243717193604	0.6703546643257141
1114	0.021350067108869553	0.15078818798065186	0.6723459362983704
1115	0.020851092413067818	0.1501731276512146	0.6727614402770996
1116	0.021813051775097847	0.15109680593013763	0.6719033122062683
1117	0.021541332826018333	0.1514064222574234	0.6704000234603882
1118	0.020687581971287727	0.15116769075393677	0.6700426936149597
1119	0.021613573655486107	0.15117433667182922	0.6697040796279907
1120	0.021440373733639717	0.151638463139534	0.6698113679885864
1121	0.020733490586280823	0.15166378021240234	0.6707135438919067
1122	0.020871013402938843	0.15179984271526337	0.6710341572761536
1123	0.020372528582811356	0.1510540246963501	0.6736720204353333
1124	0.0213717482984066	0.1521988958120346	0.6746352314949036
1125	0.021354567259550095	0.15279093384742737	0.673486590385437
1126	0.020720714703202248	0.1514643430709839	0.6729058027267456
1127	0.021491020917892456	0.15016087889671326	0.6729997396469116
1128	0.021063780412077904	0.15100303292274475	0.6728352308273315
1129	0.020152656361460686	0.1532684564590454	0.6708425879478455
1130	0.021271901205182076	0.1527312994003296	0.6687805652618408
1131	0.02077954076230526	0.15295875072479248	0.6655488610267639
1132	0.02153805084526539	0.1541464477777481	0.6632956266403198
1133	0.0207039974629879	0.15509989857673645	0.6638840436935425
1134	0.02190583199262619	0.1545875370502472	0.6681779026985168
1135	0.020666811615228653	0.15188835561275482	0.67489093542099
1136	0.020727956667542458	0.14911200106143951	0.6797889471054077
1137	0.021192584186792374	0.149142786860466	0.679867148399353
1138	0.020473415032029152	0.15098091959953308	0.6784282326698303
