epoch	train_loss	test_loss	test_metric
0	0.14856261014938354	0.13555294275283813	0.34635692834854126
1	0.14691466093063354	0.13595236837863922	0.38602563738822937
2	0.14554494619369507	0.1361699402332306	0.4013666808605194
3	0.14359897375106812	0.137163445353508	0.3756548762321472
4	0.14309929311275482	0.13753654062747955	0.36163443326950073
5	0.14500753581523895	0.13761480152606964	0.35688138008117676
6	0.1451224833726883	0.13770639896392822	0.3453212082386017
7	0.1420392394065857	0.13783366978168488	0.3534086048603058
8	0.14352373778820038	0.13783204555511475	0.3607851564884186
9	0.14057719707489014	0.13785232603549957	0.351222425699234
10	0.1427660882472992	0.1378491371870041	0.3543941378593445
11	0.1432085484266281	0.1377827525138855	0.3527548015117645
12	0.1433151662349701	0.1378733366727829	0.3288183808326721
13	0.14453554153442383	0.1377730518579483	0.33201250433921814
14	0.1415392905473709	0.13760313391685486	0.34230831265449524
15	0.13868632912635803	0.13741286098957062	0.3403013050556183
16	0.14090532064437866	0.1372794359922409	0.34168747067451477
17	0.14154145121574402	0.13721208274364471	0.33932456374168396
18	0.14152756333351135	0.13714104890823364	0.33720633387565613
19	0.14137735962867737	0.13705159723758698	0.34853339195251465
20	0.13922414183616638	0.13690072298049927	0.35341477394104004
21	0.13931114971637726	0.13686339557170868	0.345323383808136
22	0.13892951607704163	0.13668672740459442	0.3323955535888672
23	0.14236773550510406	0.13656705617904663	0.32973814010620117
24	0.13835370540618896	0.1364438533782959	0.3341239094734192
25	0.14010319113731384	0.13641086220741272	0.3371543884277344
26	0.1383402943611145	0.13623130321502686	0.3525978922843933
27	0.1391758918762207	0.1360527127981186	0.3626289665699005
28	0.13936768472194672	0.13602568209171295	0.35842716693878174
29	0.13736018538475037	0.1360034942626953	0.37012964487075806
30	0.1394946277141571	0.13599929213523865	0.3654484450817108
31	0.13819445669651031	0.1359015554189682	0.3650380074977875
32	0.13802392780780792	0.13585899770259857	0.3669503927230835
33	0.13795150816440582	0.13571693003177643	0.3715420365333557
34	0.13661688566207886	0.1356651932001114	0.3735926151275635
35	0.1376865804195404	0.1354757398366928	0.38118425011634827
36	0.1372646689414978	0.13527359068393707	0.3822682201862335
37	0.13650372624397278	0.13519927859306335	0.37184974551200867
38	0.1362951546907425	0.1350633203983307	0.37015968561172485
39	0.13667729496955872	0.13497662544250488	0.3732353448867798
40	0.13624000549316406	0.1349364072084427	0.3689502775669098
41	0.13713926076889038	0.13490626215934753	0.3651566803455353
42	0.1344866305589676	0.13493585586547852	0.3519587814807892
43	0.13338914513587952	0.13485385477542877	0.36013680696487427
44	0.13429197669029236	0.13481491804122925	0.35789886116981506
45	0.1334800124168396	0.13490675389766693	0.34970659017562866
46	0.13501319289207458	0.1347445398569107	0.3470591604709625
47	0.13468995690345764	0.13462480902671814	0.3433198034763336
48	0.1338566690683365	0.13459442555904388	0.342600017786026
49	0.13348405063152313	0.13451795279979706	0.3431290090084076
50	0.13339249789714813	0.1344458907842636	0.3482029438018799
51	0.13265065848827362	0.13432228565216064	0.35023680329322815
52	0.13299916684627533	0.13419270515441895	0.3468223810195923
53	0.13225887715816498	0.13394981622695923	0.349688857793808
54	0.13365021347999573	0.13367590308189392	0.35725119709968567
55	0.1329958736896515	0.13338468968868256	0.361297070980072
56	0.13126236200332642	0.13312500715255737	0.3616304099559784
57	0.13143858313560486	0.13273225724697113	0.36578214168548584
58	0.13100853562355042	0.13252924382686615	0.3524426519870758
59	0.13309690356254578	0.13245053589344025	0.34591540694236755
60	0.13273291289806366	0.13232950866222382	0.3453674018383026
61	0.1326296478509903	0.132048100233078	0.3442961275577545
62	0.13075466454029083	0.13199357688426971	0.34417515993118286
63	0.1285109519958496	0.1319759488105774	0.3489835560321808
64	0.13142743706703186	0.1322798877954483	0.3368004858493805
65	0.13114972412586212	0.1325572282075882	0.32725080847740173
66	0.1315428763628006	0.1325254589319229	0.32968828082084656
67	0.13073527812957764	0.1324666142463684	0.3334082365036011
68	0.13076260685920715	0.13252955675125122	0.32641223073005676
69	0.13098052144050598	0.1324276626110077	0.3274790048599243
70	0.13013431429862976	0.13229414820671082	0.3319154381752014
71	0.13233718276023865	0.13237188756465912	0.3255188763141632
72	0.12955233454704285	0.13235875964164734	0.32935312390327454
73	0.13010141253471375	0.1321438103914261	0.33319398760795593
74	0.1282428801059723	0.13196153938770294	0.32246139645576477
75	0.12953053414821625	0.13166363537311554	0.3380064070224762
76	0.12980829179286957	0.1316857933998108	0.34443607926368713
77	0.12932592630386353	0.1315576434135437	0.35047367215156555
78	0.131546750664711	0.13148462772369385	0.3553026020526886
79	0.129896342754364	0.13161206245422363	0.36325204372406006
80	0.12858574092388153	0.13160203397274017	0.363608717918396
81	0.12770840525627136	0.13125108182430267	0.36498400568962097
82	0.12803177535533905	0.13118794560432434	0.3552128076553345
83	0.12659801542758942	0.1309805065393448	0.3522348701953888
84	0.1290370672941208	0.13081365823745728	0.3603219985961914
85	0.1288580298423767	0.1307068169116974	0.36106541752815247
86	0.12934374809265137	0.13058502972126007	0.36117926239967346
87	0.12897604703903198	0.13054776191711426	0.35884031653404236
88	0.12745022773742676	0.13031414151191711	0.3636538088321686
89	0.1272556483745575	0.13016608357429504	0.3614041209220886
90	0.1274181306362152	0.13029475510120392	0.35127729177474976
91	0.12834250926971436	0.1300540417432785	0.35382893681526184
92	0.1260424256324768	0.12984322011470795	0.3620184659957886
93	0.12639518082141876	0.12952928245067596	0.35440248250961304
94	0.12830989062786102	0.12942834198474884	0.3525485694408417
95	0.12737290561199188	0.12952613830566406	0.35675233602523804
96	0.12835974991321564	0.1299182027578354	0.35351619124412537
97	0.1264295130968094	0.12995120882987976	0.3609631657600403
98	0.12802180647850037	0.12976887822151184	0.3686646521091461
99	0.1259075552225113	0.1298612803220749	0.3727836012840271
100	0.1279892772436142	0.12946860492229462	0.3702884316444397
101	0.1254071295261383	0.129399374127388	0.37353506684303284
102	0.12636946141719818	0.1293826848268509	0.3718221187591553
103	0.12607397139072418	0.12922151386737823	0.37686991691589355
104	0.12838609516620636	0.12904056906700134	0.3768732249736786
105	0.12562690675258636	0.12931017577648163	0.3803306221961975
106	0.12699608504772186	0.12963320314884186	0.37423521280288696
107	0.12499556690454483	0.12988771498203278	0.375764936208725
108	0.12811747193336487	0.13048242032527924	0.3630463778972626
109	0.12443274259567261	0.1305921971797943	0.36533597111701965
110	0.12720344960689545	0.13062241673469543	0.3660132884979248
111	0.12452459335327148	0.13053059577941895	0.36532944440841675
112	0.12527577579021454	0.1304597705602646	0.36464667320251465
113	0.12507663667201996	0.13004827499389648	0.36509788036346436
114	0.12530657649040222	0.12930907309055328	0.3738454580307007
115	0.12349169701337814	0.1286725401878357	0.377655565738678
116	0.12504561245441437	0.12872464954853058	0.37175825238227844
117	0.12417062371969223	0.12888255715370178	0.3765145242214203
118	0.12394286692142487	0.12913864850997925	0.37840735912323
119	0.12409322708845139	0.12966589629650116	0.378599613904953
120	0.12407044321298599	0.1301710605621338	0.3760235607624054
121	0.12214865535497665	0.13025198876857758	0.3748747408390045
122	0.12393773347139359	0.12987667322158813	0.3771917223930359
123	0.12228748947381973	0.12940816581249237	0.3805997371673584
124	0.12318766862154007	0.12939739227294922	0.3596678674221039
125	0.12456221133470535	0.12910450994968414	0.35388076305389404
126	0.12220806628465652	0.1288931965827942	0.35507380962371826
127	0.12271347641944885	0.1290036290884018	0.3501448929309845
128	0.12199921905994415	0.12907221913337708	0.3483394980430603
129	0.12056813389062881	0.12943074107170105	0.34792178869247437
130	0.12321492284536362	0.12971079349517822	0.3506782352924347
131	0.12343227118253708	0.12982071936130524	0.3463873863220215
132	0.12285159528255463	0.12976351380348206	0.3448219895362854
133	0.12226945161819458	0.12945643067359924	0.349957674741745
134	0.12315922230482101	0.12968136370182037	0.3423391580581665
135	0.12135618925094604	0.12935608625411987	0.3460475206375122
136	0.12141726911067963	0.12916739284992218	0.3446716070175171
137	0.1227077841758728	0.12947151064872742	0.3393149971961975
138	0.12183518707752228	0.1297300010919571	0.33677607774734497
139	0.12122955173254013	0.1301642656326294	0.33549535274505615
140	0.12076114118099213	0.13049457967281342	0.34006398916244507
141	0.12184209376573563	0.13055658340454102	0.34347423911094666
142	0.12163550406694412	0.1305646300315857	0.34593701362609863
143	0.12129165232181549	0.1302766650915146	0.3469047248363495
144	0.12313896417617798	0.12997271120548248	0.3408498764038086
145	0.12140490859746933	0.1296330690383911	0.34344449639320374
146	0.12179799377918243	0.12978821992874146	0.32799413800239563
147	0.1213756576180458	0.12980860471725464	0.32595646381378174
148	0.12121544033288956	0.13016186654567719	0.3212398290634155
149	0.1224607601761818	0.1304253786802292	0.32589536905288696
150	0.12228035926818848	0.13070131838321686	0.3242819011211395
151	0.12228188663721085	0.13092830777168274	0.3133051097393036
152	0.12004563957452774	0.13109052181243896	0.3123384118080139
153	0.12251691520214081	0.1311628371477127	0.3112059533596039
154	0.1194213256239891	0.13100282847881317	0.3175352215766907
155	0.12038503587245941	0.13075102865695953	0.31725627183914185
156	0.12007339298725128	0.1304330974817276	0.31776636838912964
157	0.12099913507699966	0.12990352511405945	0.329184353351593
158	0.12104691565036774	0.12918345630168915	0.3322805166244507
159	0.12122975289821625	0.12873011827468872	0.33525362610816956
160	0.11939401179552078	0.12824319303035736	0.33736178278923035
161	0.11956381052732468	0.12780743837356567	0.33702337741851807
162	0.12036801129579544	0.12788698077201843	0.3413591682910919
163	0.12108762562274933	0.128090038895607	0.3472486138343811
164	0.11980944871902466	0.12798334658145905	0.3511875569820404
165	0.12067701667547226	0.12787729501724243	0.34246617555618286
166	0.11905103176832199	0.12803030014038086	0.3370223641395569
167	0.11983787268400192	0.12784215807914734	0.33635592460632324
168	0.12090741097927094	0.1275632083415985	0.3383907675743103
169	0.12019544094800949	0.12728896737098694	0.3326016664505005
170	0.11906608939170837	0.12717175483703613	0.3275642395019531
171	0.1184067502617836	0.12695962190628052	0.3317205309867859
172	0.11913841962814331	0.12721209228038788	0.32783499360084534
173	0.11889009177684784	0.1276060789823532	0.3284984827041626
174	0.11844857782125473	0.12808839976787567	0.3304755985736847
175	0.11900849640369415	0.12848849594593048	0.3303548991680145
176	0.11693604290485382	0.12899748980998993	0.32882070541381836
177	0.11863933503627777	0.12935271859169006	0.32492321729660034
178	0.11890054494142532	0.12937326729297638	0.32571941614151
179	0.11809919774532318	0.12910008430480957	0.3238227665424347
180	0.11822620034217834	0.1286102682352066	0.3264964818954468
181	0.11719890683889389	0.12822823226451874	0.3304639458656311
182	0.1186249777674675	0.12834101915359497	0.3232051134109497
183	0.11760200560092926	0.12815186381340027	0.32984402775764465
184	0.11842751502990723	0.12824545800685883	0.33473700284957886
185	0.11770789325237274	0.12843115627765656	0.3367730379104614
186	0.11799738556146622	0.12906287610530853	0.333736777305603
187	0.11565401405096054	0.1295555680990219	0.336429625749588
188	0.11739955842494965	0.12976519763469696	0.3378891944885254
189	0.11816280335187912	0.1295718252658844	0.3359317481517792
190	0.11676835268735886	0.1291673183441162	0.336924284696579
191	0.11726127564907074	0.12863802909851074	0.3400573134422302
192	0.11778603494167328	0.1281944066286087	0.3408994674682617
193	0.11700402200222015	0.12766291201114655	0.337950199842453
194	0.11754804849624634	0.12734869122505188	0.3355639576911926
195	0.11742477864027023	0.12727494537830353	0.3319573700428009
196	0.11468681693077087	0.12786489725112915	0.32727497816085815
197	0.11538676917552948	0.12809477746486664	0.32842135429382324
198	0.11620420962572098	0.12819896638393402	0.31822678446769714
199	0.1140107661485672	0.12826816737651825	0.31750527024269104
200	0.11637206375598907	0.128448948264122	0.31692826747894287
201	0.11613036692142487	0.1282983422279358	0.31448855996131897
202	0.11571518331766129	0.12826962769031525	0.3154735863208771
203	0.11467861384153366	0.1279585361480713	0.31889447569847107
204	0.11339721828699112	0.1280028373003006	0.30713188648223877
205	0.1159881055355072	0.12777802348136902	0.306914359331131
206	0.11484280228614807	0.12738889455795288	0.31489813327789307
207	0.11708968132734299	0.12742847204208374	0.31475234031677246
208	0.11465171724557877	0.1271509826183319	0.32172366976737976
209	0.11638515442609787	0.1272071897983551	0.32188913226127625
210	0.11609363555908203	0.1273442506790161	0.31731343269348145
211	0.11433644592761993	0.1272384077310562	0.32004207372665405
212	0.11485515534877777	0.12737716734409332	0.31966879963874817
213	0.114775151014328	0.1273956596851349	0.32418742775917053
214	0.11552374809980392	0.12732240557670593	0.32412245869636536
215	0.11520912498235703	0.1275792121887207	0.3178141415119171
216	0.11350067704916	0.12706829607486725	0.32506999373435974
217	0.1139407753944397	0.12693563103675842	0.3219025731086731
218	0.11383672058582306	0.12631723284721375	0.33242154121398926
219	0.11472860723733902	0.12593209743499756	0.3384554386138916
220	0.11355077475309372	0.12583708763122559	0.3444817066192627
221	0.11197800934314728	0.12600404024124146	0.3444378972053528
222	0.11348624527454376	0.12605111300945282	0.3428686559200287
223	0.11235377192497253	0.12622502446174622	0.3449203670024872
224	0.11202090233564377	0.12646085023880005	0.3475871980190277
225	0.1129356324672699	0.12666186690330505	0.34618473052978516
226	0.11189980804920197	0.1266380101442337	0.3478589653968811
227	0.11343354731798172	0.12631845474243164	0.35206812620162964
228	0.1154734417796135	0.12602384388446808	0.35552749037742615
229	0.11272068321704865	0.125718891620636	0.35476401448249817
230	0.11264029145240784	0.12530995905399323	0.36026084423065186
231	0.11260887235403061	0.12510612607002258	0.35918042063713074
232	0.114217609167099	0.12472595274448395	0.36083441972732544
233	0.11229635775089264	0.12423083931207657	0.3621706962585449
234	0.11330125480890274	0.12392082810401917	0.362687349319458
235	0.11209223419427872	0.12418106943368912	0.36276566982269287
236	0.111297108232975	0.12422684580087662	0.36615481972694397
237	0.11243120580911636	0.12415093928575516	0.3669092357158661
238	0.11363629996776581	0.12422684580087662	0.3672349154949188
239	0.11153876781463623	0.12452222406864166	0.3679158687591553
240	0.11199378222227097	0.12460824847221375	0.3667977452278137
241	0.11167775094509125	0.12480054795742035	0.36694636940956116
242	0.11157649755477905	0.12482407689094543	0.36498239636421204
243	0.11139538139104843	0.12464439868927002	0.3616812229156494
244	0.11028975248336792	0.12444436550140381	0.36165720224380493
245	0.10834552347660065	0.1244380921125412	0.36147937178611755
246	0.11192255467176437	0.12444334477186203	0.36040574312210083
247	0.10985296964645386	0.12460392713546753	0.36022284626960754
248	0.11057255417108536	0.12487713992595673	0.3612960875034332
249	0.11235179007053375	0.12477186322212219	0.3651680052280426
250	0.11098751425743103	0.12443683296442032	0.3658886253833771
251	0.11326369643211365	0.12393611669540405	0.3659892976284027
252	0.11131342500448227	0.12329620122909546	0.3723111152648926
253	0.11038503050804138	0.12281687557697296	0.3730495870113373
254	0.11002905666828156	0.12272079288959503	0.37163764238357544
255	0.11124558746814728	0.1231176108121872	0.36931806802749634
256	0.11146819591522217	0.12369774281978607	0.3659268617630005
257	0.1120227500796318	0.12452439218759537	0.35938307642936707
258	0.11021849513053894	0.12468720972537994	0.3582780063152313
259	0.10970033705234528	0.12465329468250275	0.356472373008728
260	0.11095230281352997	0.12450730800628662	0.3522689938545227
261	0.11018706858158112	0.12424921244382858	0.35174983739852905
262	0.11083054542541504	0.12410322576761246	0.34978795051574707
263	0.10954564064741135	0.1240030825138092	0.3507663905620575
264	0.11062807589769363	0.12389121204614639	0.3512362837791443
265	0.1087665930390358	0.12411855906248093	0.3515487611293793
266	0.10906071215867996	0.12437296658754349	0.35277390480041504
267	0.1098843440413475	0.1246892586350441	0.3533231019973755
268	0.11071590334177017	0.12464772164821625	0.3546098470687866
269	0.10977012664079666	0.12485716491937637	0.3527331054210663
270	0.10871567577123642	0.12465500831604004	0.3530682623386383
271	0.10954756289720535	0.12424858659505844	0.3526153564453125
272	0.1078125387430191	0.12429305166006088	0.34930551052093506
273	0.1084994450211525	0.12415139377117157	0.3482585847377777
274	0.10868043452501297	0.12386149913072586	0.34850892424583435
275	0.1097785010933876	0.1237998828291893	0.3470279574394226
276	0.10969925671815872	0.12376478314399719	0.34895390272140503
277	0.10866958647966385	0.12365152686834335	0.35063809156417847
278	0.10817502439022064	0.12341214716434479	0.3501792848110199
279	0.10875219106674194	0.1231808215379715	0.3495873212814331
280	0.10744588822126389	0.12288465350866318	0.3518184423446655
281	0.10937440395355225	0.12290734797716141	0.3496911823749542
282	0.10732600092887878	0.1230962872505188	0.356978178024292
283	0.10884260386228561	0.1235920637845993	0.3557080626487732
284	0.10804913938045502	0.12391525506973267	0.35546648502349854
285	0.1073697954416275	0.12428122758865356	0.3542328476905823
286	0.10796713829040527	0.1246783658862114	0.35385555028915405
287	0.10728254169225693	0.12502539157867432	0.3498353958129883
288	0.10922443866729736	0.12463249266147614	0.36009979248046875
289	0.1074572503566742	0.1241099163889885	0.3635314702987671
290	0.10720811784267426	0.12362033873796463	0.361442506313324
291	0.10818976163864136	0.12308839708566666	0.3601180911064148
292	0.1086910292506218	0.1228606328368187	0.3586098551750183
293	0.10703320056200027	0.12259241938591003	0.3603648245334625
294	0.10675877332687378	0.12292231619358063	0.3570678234100342
295	0.10712718963623047	0.12312176078557968	0.35759639739990234
296	0.1048412173986435	0.12346549332141876	0.3572123944759369
297	0.10627429187297821	0.1240905374288559	0.35403168201446533
298	0.10574964433908463	0.12440713495016098	0.35073572397232056
299	0.1074814721941948	0.12425170838832855	0.35215556621551514
300	0.10680191218852997	0.12387701123952866	0.35123273730278015
301	0.10627969354391098	0.1233234629034996	0.35338762402534485
302	0.106911301612854	0.12311404943466187	0.35133180022239685
303	0.10778234899044037	0.12285181879997253	0.3504845201969147
304	0.10618636012077332	0.12248283624649048	0.3509855568408966
305	0.10659351944923401	0.12250598520040512	0.3478868305683136
306	0.10476212203502655	0.1224995106458664	0.34755775332450867
307	0.1040409728884697	0.12245769798755646	0.34887197613716125
308	0.10537164658308029	0.12242788821458817	0.3503436744213104
309	0.10607345402240753	0.12245182693004608	0.3520467281341553
310	0.10366164147853851	0.12261512130498886	0.3527888357639313
311	0.10460550338029861	0.1228625476360321	0.3501701354980469
312	0.1048521101474762	0.12281879037618637	0.3515394926071167
313	0.10547765344381332	0.12269909679889679	0.3522931635379791
314	0.10688880831003189	0.12238636612892151	0.3580418527126312
315	0.10610633343458176	0.12250439822673798	0.3554217219352722
316	0.10527537018060684	0.12249632924795151	0.35486528277397156
317	0.10649490356445312	0.122647725045681	0.356807142496109
318	0.1061871275305748	0.12363273650407791	0.3476563096046448
319	0.10487721115350723	0.12404552102088928	0.3441065549850464
320	0.10360697656869888	0.12420731037855148	0.35091155767440796
321	0.10717793554067612	0.1241382583975792	0.350437730550766
322	0.10547805577516556	0.12404987961053848	0.34157419204711914
323	0.10582373291254044	0.12352610379457474	0.34245628118515015
324	0.10489042103290558	0.12270457297563553	0.34827175736427307
325	0.10640551894903183	0.12235845625400543	0.3487362861633301
326	0.1060183122754097	0.12275312840938568	0.3434915244579315
327	0.1055351197719574	0.12294682115316391	0.3449724614620209
328	0.10417696088552475	0.12319790571928024	0.3458497226238251
329	0.10354409366846085	0.12341511994600296	0.346196711063385
330	0.10678595304489136	0.12324779480695724	0.3448895514011383
331	0.10608929395675659	0.12267322838306427	0.3440307676792145
332	0.10464931279420853	0.12206342071294785	0.35072141885757446
333	0.10346940159797668	0.12212970107793808	0.34986868500709534
334	0.10342515259981155	0.12213432043790817	0.34793317317962646
335	0.10344120115041733	0.12205319851636887	0.35442668199539185
336	0.10594800859689713	0.12258750945329666	0.3500232696533203
337	0.10318753868341446	0.12281845510005951	0.35075676441192627
338	0.10368572175502777	0.12293507158756256	0.3526592254638672
339	0.10374324768781662	0.12297013401985168	0.3546338379383087
340	0.10418106615543365	0.122597336769104	0.35525691509246826
341	0.10253573209047318	0.12246975302696228	0.35681018233299255
342	0.10347364097833633	0.1226675882935524	0.354834645986557
343	0.10394249856472015	0.12288200855255127	0.35419991612434387
344	0.10274520516395569	0.12250494211912155	0.35918712615966797
345	0.10358768701553345	0.12264995276927948	0.3589341938495636
346	0.1026574894785881	0.12256494164466858	0.3524799942970276
347	0.10231535881757736	0.12275701016187668	0.3518331050872803
348	0.10290130227804184	0.12239746004343033	0.35541069507598877
349	0.10431414842605591	0.12263032793998718	0.35399529337882996
350	0.10346730798482895	0.12255214899778366	0.3508399426937103
351	0.10299420356750488	0.12215787917375565	0.3525926172733307
352	0.1034323126077652	0.12143281102180481	0.35566890239715576
353	0.10369139164686203	0.121009461581707	0.35866808891296387
354	0.10294150561094284	0.12083426117897034	0.35816657543182373
355	0.10192202776670456	0.12056303769350052	0.3609994351863861
356	0.10325278341770172	0.12037742882966995	0.3647163510322571
357	0.10455538332462311	0.12043291330337524	0.3694859445095062
358	0.10299907624721527	0.12036751210689545	0.37081286311149597
359	0.10066860169172287	0.12066252529621124	0.3680676519870758
360	0.1029743179678917	0.12063540518283844	0.3676752746105194
361	0.10289316624403	0.12085683643817902	0.3637419044971466
362	0.10344835370779037	0.12080509960651398	0.3612020015716553
363	0.10177526623010635	0.12069565802812576	0.3617579936981201
364	0.10244269669055939	0.12065348029136658	0.3622404932975769
365	0.10346464812755585	0.12001482397317886	0.3667878210544586
366	0.1020757406949997	0.12001224607229233	0.36912834644317627
367	0.10241253674030304	0.12013628333806992	0.3702239394187927
368	0.10161393880844116	0.120229572057724	0.37892597913742065
369	0.10207587480545044	0.12057098746299744	0.37474775314331055
370	0.10096065700054169	0.12086159735918045	0.37413302063941956
371	0.10331030935049057	0.12136650085449219	0.3635772168636322
372	0.10248365253210068	0.1214137151837349	0.36709630489349365
373	0.1011582687497139	0.12129774689674377	0.36680248379707336
374	0.10088454186916351	0.12086202204227448	0.3668346107006073
375	0.10099732875823975	0.12064555287361145	0.3659471273422241
376	0.10302869230508804	0.12112491577863693	0.36230507493019104
377	0.102336086332798	0.12133558839559555	0.3616286516189575
378	0.10241778939962387	0.12151585519313812	0.3616638481616974
379	0.10231728851795197	0.12190984189510345	0.3587278425693512
380	0.1013186052441597	0.1221931204199791	0.357122540473938
381	0.10349113494157791	0.1219911277294159	0.35844457149505615
382	0.1027994304895401	0.12161895632743835	0.3614041209220886
383	0.10314624011516571	0.12157686054706573	0.3586922287940979
384	0.09979864954948425	0.12126678228378296	0.36012202501296997
385	0.10167966037988663	0.12137603759765625	0.3602296710014343
386	0.10134989768266678	0.12147544324398041	0.3632890582084656
387	0.10207568109035492	0.12163574248552322	0.362557977437973
388	0.10038881003856659	0.12148427963256836	0.3667183518409729
389	0.10039160400629044	0.12144056707620621	0.3684244751930237
390	0.10139736533164978	0.12161789834499359	0.368607759475708
391	0.10033693164587021	0.1216396689414978	0.36891409754753113
392	0.10076231509447098	0.12160348147153854	0.36826223134994507
393	0.10068395733833313	0.12145190685987473	0.36726537346839905
394	0.10048920661211014	0.12098093330860138	0.3690861463546753
395	0.10018908232450485	0.1207849457859993	0.37085431814193726
396	0.1007731631398201	0.1208764910697937	0.36978480219841003
397	0.0995524600148201	0.12091674655675888	0.3695381283760071
398	0.1004238948225975	0.12107178568840027	0.36867985129356384
399	0.1010555848479271	0.12113266438245773	0.3655296564102173
400	0.10156668722629547	0.12098328769207001	0.3651154339313507
401	0.10224934667348862	0.12081994861364365	0.3652831017971039
402	0.1006321832537651	0.12057191133499146	0.36642366647720337
403	0.09804268181324005	0.1206224113702774	0.3664444088935852
404	0.10031687468290329	0.12080249190330505	0.3649635314941406
405	0.09993133693933487	0.12064574658870697	0.36683329939842224
406	0.09909608960151672	0.12096560001373291	0.36501526832580566
407	0.09959159791469574	0.12137739360332489	0.3638615906238556
408	0.09920825809240341	0.1214660108089447	0.36520498991012573
409	0.10018423199653625	0.12128081172704697	0.3680778443813324
410	0.10031627863645554	0.12091749906539917	0.37100958824157715
411	0.10003016144037247	0.1205601841211319	0.37643927335739136
412	0.09917768090963364	0.1202613115310669	0.37990903854370117
413	0.09907156229019165	0.12023573368787766	0.38137033581733704
414	0.09991494566202164	0.12032869458198547	0.3826759457588196
415	0.09818366914987564	0.12057773023843765	0.3834441602230072
416	0.09875304996967316	0.12104688584804535	0.38151222467422485
417	0.09759292006492615	0.12146621942520142	0.3779907822608948
418	0.1006680577993393	0.12163280695676804	0.3725908696651459
419	0.09942793101072311	0.12135549634695053	0.3706127405166626
420	0.09862835705280304	0.12069541215896606	0.3712141513824463
421	0.09851182252168655	0.12052509933710098	0.37007245421409607
422	0.0978299230337143	0.12053555250167847	0.368851900100708
423	0.09957330673933029	0.12063674628734589	0.36715197563171387
424	0.09862549602985382	0.12071377038955688	0.3661210536956787
425	0.09790738672018051	0.12089357525110245	0.3646356165409088
426	0.0983133465051651	0.12100156396627426	0.36205506324768066
427	0.0978575050830841	0.12122134119272232	0.36119377613067627
428	0.09846946597099304	0.121352419257164	0.3611094355583191
429	0.09803292900323868	0.12163776159286499	0.3602604269981384
430	0.09805286675691605	0.12149973958730698	0.36294543743133545
431	0.09739083051681519	0.12129544466733932	0.36475419998168945
432	0.09707630425691605	0.12107381969690323	0.36706939339637756
433	0.09734607487916946	0.12088217586278915	0.36872413754463196
434	0.09785876423120499	0.12071691453456879	0.3697490692138672
435	0.0983317643404007	0.1206706166267395	0.36994656920433044
436	0.09971700608730316	0.12091683596372604	0.36751750111579895
437	0.09753751009702682	0.12115035206079483	0.3661591112613678
438	0.09648732841014862	0.12117467820644379	0.36663874983787537
439	0.09567002207040787	0.12138815969228745	0.36309465765953064
440	0.09722402691841125	0.12148081511259079	0.36168372631073
441	0.09816999733448029	0.12148034572601318	0.36215782165527344
442	0.09799507260322571	0.12131569534540176	0.36148354411125183
443	0.09867744892835617	0.12127447128295898	0.3612370789051056
444	0.09931617230176926	0.12091238051652908	0.3630026578903198
445	0.09952732175588608	0.12045598030090332	0.36639848351478577
446	0.09782437980175018	0.12029567360877991	0.3690244257450104
447	0.09800733625888824	0.12023042887449265	0.3692122995853424
448	0.09729915112257004	0.12022076547145844	0.37054890394210815
449	0.09735260158777237	0.12039061635732651	0.371095210313797
450	0.0961519107222557	0.12073682248592377	0.37028416991233826
451	0.09722228348255157	0.12089326977729797	0.36947619915008545
452	0.09713374078273773	0.12084980309009552	0.36899247765541077
453	0.09772859513759613	0.12070615589618683	0.3688131868839264
454	0.09578993171453476	0.12050250172615051	0.36990466713905334
455	0.09579373151063919	0.12042468041181564	0.3707599639892578
456	0.09560072422027588	0.12029320001602173	0.3722967505455017
457	0.09849127382040024	0.12058005481958389	0.368132621049881
458	0.09708511084318161	0.12060347944498062	0.3667551279067993
459	0.09633658826351166	0.12066984176635742	0.3681831359863281
460	0.0971493348479271	0.12080670893192291	0.3668292164802551
461	0.09767605364322662	0.12114521861076355	0.36224180459976196
462	0.09724624454975128	0.12124171108007431	0.3603723347187042
463	0.0977664515376091	0.12142650038003922	0.3578309714794159
464	0.09717531502246857	0.12160512804985046	0.3552454710006714
465	0.09647146612405777	0.12167295068502426	0.3533901274204254
466	0.09606770426034927	0.12165798246860504	0.35299304127693176
467	0.09622982144355774	0.12172241508960724	0.3524385392665863
468	0.09660006314516068	0.12172146141529083	0.3526942729949951
469	0.09757016599178314	0.12168019264936447	0.352607399225235
470	0.09538816660642624	0.12166135758161545	0.35298076272010803
471	0.09691598266363144	0.12157618254423141	0.35446542501449585
472	0.0954279825091362	0.12147776037454605	0.3561020791530609
473	0.09682890772819519	0.12139610201120377	0.3580596148967743
474	0.09502235054969788	0.12131761759519577	0.36006978154182434
475	0.09537019580602646	0.12120836973190308	0.3615369498729706
476	0.0945359542965889	0.12108395993709564	0.3639628291130066
477	0.09426123648881912	0.12087174504995346	0.3663153350353241
478	0.09656603634357452	0.12089545279741287	0.366100013256073
479	0.09507987648248672	0.1209755688905716	0.36409735679626465
480	0.09638074785470963	0.12105149775743484	0.3615610897541046
481	0.0943710207939148	0.1211114153265953	0.35963892936706543
482	0.0944579467177391	0.12094508111476898	0.36111706495285034
483	0.0945199728012085	0.12098435312509537	0.3636610805988312
484	0.09677144140005112	0.12110113352537155	0.3622209131717682
485	0.09618537127971649	0.12142673134803772	0.35911864042282104
486	0.09436269849538803	0.12195838242769241	0.35639292001724243
487	0.09523680806159973	0.12214398384094238	0.3552723228931427
488	0.09551549702882767	0.12201559543609619	0.3561180531978607
489	0.09596653282642365	0.12168444693088531	0.35746678709983826
490	0.09683355689048767	0.12150655686855316	0.35627999901771545
491	0.09434086829423904	0.12136906385421753	0.3562687933444977
492	0.09317343682050705	0.12124355882406235	0.35610929131507874
493	0.0947854146361351	0.1212741881608963	0.35472673177719116
494	0.09290076047182083	0.12140265852212906	0.35304537415504456
495	0.09493447095155716	0.12134089320898056	0.35332727432250977
496	0.09341024607419968	0.12144582718610764	0.35459810495376587
497	0.096079982817173	0.12132502347230911	0.35534724593162537
498	0.09526344388723373	0.1212879940867424	0.355527400970459
499	0.09437182545661926	0.12123497575521469	0.358364999294281
500	0.09434095770120621	0.12119907140731812	0.35861170291900635
501	0.09102681279182434	0.12107957154512405	0.35997411608695984
502	0.09373300522565842	0.12098919600248337	0.36154159903526306
503	0.09421996027231216	0.12097615003585815	0.36205485463142395
504	0.09302995353937149	0.1207723617553711	0.3637732267379761
505	0.09417134523391724	0.12074068188667297	0.3646978437900543
506	0.09220713376998901	0.1207331120967865	0.3670279085636139
507	0.09448930621147156	0.12083512544631958	0.36833661794662476
508	0.09348322451114655	0.1209622398018837	0.36838778853416443
509	0.09336572885513306	0.12092892825603485	0.37069064378738403
510	0.09393707662820816	0.12097539752721786	0.37050139904022217
511	0.0947847068309784	0.12103831022977829	0.36915138363838196
512	0.0941997841000557	0.12096152454614639	0.367364764213562
513	0.09368890523910522	0.12090115249156952	0.3671623766422272
514	0.09114161133766174	0.12126833945512772	0.36295896768569946
515	0.09187763929367065	0.1216093897819519	0.357541561126709
516	0.09423838555812836	0.12166395783424377	0.3551163971424103
517	0.09345241636037827	0.1216205582022667	0.35426434874534607
518	0.09201791137456894	0.12179704755544662	0.3507835268974304
519	0.0934811607003212	0.12186509370803833	0.3500375747680664
520	0.09403447806835175	0.12202776223421097	0.34865203499794006
521	0.0933445617556572	0.12198268622159958	0.3482387661933899
522	0.09234700351953506	0.1220717802643776	0.34945955872535706
523	0.09325940161943436	0.12156378477811813	0.3550090789794922
524	0.0915963351726532	0.12157019227743149	0.3561290204524994
525	0.09273842722177505	0.12146507203578949	0.3584504723548889
526	0.09381553530693054	0.12138909846544266	0.3611376881599426
527	0.09397745877504349	0.12144112586975098	0.3614465594291687
528	0.0922199934720993	0.12151991575956345	0.36313116550445557
529	0.09284789860248566	0.12155068665742874	0.3637317419052124
530	0.09036222100257874	0.12153918296098709	0.36390936374664307
531	0.09297391772270203	0.1213926449418068	0.36536628007888794
532	0.09325629472732544	0.12127279490232468	0.3664007782936096
533	0.0928802341222763	0.12120340019464493	0.36770838499069214
534	0.08993733674287796	0.12093447148799896	0.3697235882282257
535	0.09098143875598907	0.12108608335256577	0.3674395680427551
536	0.09124013036489487	0.12106819450855255	0.36615532636642456
537	0.09154360741376877	0.12121225148439407	0.3652500808238983
538	0.09226515144109726	0.1213141456246376	0.3634887635707855
539	0.09096154570579529	0.12135040014982224	0.3623621463775635
540	0.09144475311040878	0.1213095560669899	0.36248841881752014
541	0.09208675473928452	0.12127373367547989	0.363197386264801
542	0.09182998538017273	0.12118551135063171	0.36493855714797974
543	0.09146828949451447	0.121100053191185	0.3669332265853882
544	0.09138531237840652	0.12088455259799957	0.3685317933559418
545	0.09138656407594681	0.12076511979103088	0.3687218725681305
546	0.09219466149806976	0.12066149711608887	0.36964789032936096
547	0.09000788629055023	0.12065248191356659	0.36952605843544006
548	0.09074503928422928	0.12050636857748032	0.3704887926578522
549	0.09185945987701416	0.12069181352853775	0.37010836601257324
550	0.09096284210681915	0.12094153463840485	0.37003597617149353
551	0.0918828547000885	0.12095578759908676	0.37223032116889954
552	0.08938629925251007	0.1209990605711937	0.37384864687919617
553	0.09141118824481964	0.12076545506715775	0.3761877417564392
554	0.09262210130691528	0.1203383207321167	0.3776368200778961
555	0.09020811319351196	0.11991884559392929	0.38092541694641113
556	0.09117554873228073	0.11980403959751129	0.38162484765052795
557	0.09107935428619385	0.11986123770475388	0.3808342516422272
558	0.09116802364587784	0.11992497742176056	0.38011351227760315
559	0.09236842393875122	0.12012770771980286	0.37708503007888794
560	0.089910127222538	0.12016281485557556	0.37519049644470215
561	0.09015583246946335	0.12039343267679214	0.3720012903213501
562	0.09122233837842941	0.1205856204032898	0.3688816726207733
563	0.09068579226732254	0.12090300768613815	0.36509135365486145
564	0.09295323491096497	0.12117007374763489	0.36205554008483887
565	0.09074056148529053	0.12134528905153275	0.3596336543560028
566	0.09097042679786682	0.12135106325149536	0.35793840885162354
567	0.08929967880249023	0.12140170484781265	0.3551608920097351
568	0.0910978615283966	0.12125474214553833	0.3561371862888336
569	0.0906694233417511	0.1210673525929451	0.35881876945495605
570	0.09035880863666534	0.12099528312683105	0.36081624031066895
571	0.08981749415397644	0.12088658660650253	0.36324605345726013
572	0.09038668870925903	0.12077178806066513	0.36548173427581787
573	0.08919063955545425	0.12094272673130035	0.3638594448566437
574	0.09080485999584198	0.1208932176232338	0.3657994270324707
575	0.09042863547801971	0.12079773843288422	0.3665390908718109
576	0.09109475463628769	0.1206255629658699	0.36802202463150024
577	0.0895007997751236	0.12070723623037338	0.3676561117172241
578	0.09051121771335602	0.12046024948358536	0.37002483010292053
579	0.08860527724027634	0.12029177695512772	0.37132787704467773
580	0.09007374197244644	0.12056319415569305	0.3674333393573761
581	0.09050945937633514	0.12086619436740875	0.3651162087917328
582	0.08985693007707596	0.12121274322271347	0.3594402074813843
583	0.09147103875875473	0.12142423540353775	0.35768935084342957
584	0.09067517518997192	0.12145642191171646	0.3564393222332001
585	0.08934266865253448	0.12139197438955307	0.35750970244407654
586	0.09104273468255997	0.12137317657470703	0.35926827788352966
587	0.08978181332349777	0.12147337943315506	0.3589986562728882
588	0.0905158594250679	0.12155076861381531	0.35830262303352356
589	0.08830995112657547	0.12158317863941193	0.35739418864250183
590	0.09170714765787125	0.12161324173212051	0.356366366147995
591	0.089932382106781	0.12162693589925766	0.3564221262931824
592	0.08948585391044617	0.12171342968940735	0.3564753234386444
593	0.08866346627473831	0.12179318815469742	0.3572111427783966
594	0.09014944732189178	0.12171130627393723	0.35862302780151367
595	0.09019681811332703	0.12175648659467697	0.3590962886810303
596	0.08945266157388687	0.12175893783569336	0.35879141092300415
597	0.0897742211818695	0.12185457348823547	0.3588681221008301
598	0.08988060057163239	0.12165231257677078	0.3600238561630249
599	0.08817964792251587	0.12152823805809021	0.3598988652229309
600	0.08957222104072571	0.12146689742803574	0.35844874382019043
601	0.08971114456653595	0.12151769548654556	0.3580765724182129
602	0.08922882378101349	0.1214793249964714	0.3583555817604065
603	0.0916706845164299	0.12161359190940857	0.35603252053260803
604	0.08824331313371658	0.12174955755472183	0.3547132611274719
605	0.0891013890504837	0.12180624157190323	0.3539266884326935
606	0.08890094608068466	0.121729277074337	0.3547559380531311
607	0.08862995356321335	0.12149420380592346	0.3571707606315613
608	0.09012822806835175	0.12134527415037155	0.35947248339653015
609	0.08891667425632477	0.12123460322618484	0.36150431632995605
610	0.08847939223051071	0.12102136760950089	0.3644964396953583
611	0.08745127171278	0.12080597877502441	0.3681808114051819
612	0.08848937600851059	0.12058147042989731	0.3718282878398895
613	0.08669226616621017	0.12046797573566437	0.374203622341156
614	0.08873164653778076	0.12055159360170364	0.37501901388168335
615	0.08761482685804367	0.12065888941287994	0.37505337595939636
616	0.08776429295539856	0.12086858600378036	0.3742921054363251
617	0.0904230996966362	0.12115807831287384	0.3718791902065277
618	0.08904852718114853	0.12134325504302979	0.3690555989742279
619	0.08819875121116638	0.12137144804000854	0.36727702617645264
620	0.08837015181779861	0.12120047956705093	0.36791765689849854
621	0.08935368806123734	0.12103217840194702	0.3663386404514313
622	0.08765219151973724	0.12111900001764297	0.3647874891757965
623	0.08754142373800278	0.12111300230026245	0.3641500174999237
624	0.08962320536375046	0.12088891863822937	0.36549729108810425
625	0.08807822316884995	0.12065140902996063	0.3682289123535156
626	0.08825043588876724	0.12066838145256042	0.36814001202583313
627	0.08859360963106155	0.12068570405244827	0.36800500750541687
628	0.08740927278995514	0.12059025466442108	0.36945226788520813
629	0.08836524188518524	0.12049384415149689	0.3696671426296234
630	0.08724427223205566	0.12055952847003937	0.36907392740249634
631	0.08689561486244202	0.12081648409366608	0.36697572469711304
632	0.0874813050031662	0.12080377340316772	0.36761975288391113
633	0.08775731176137924	0.12075470387935638	0.3696371614933014
634	0.08714018017053604	0.12069163471460342	0.3723462224006653
635	0.08855292201042175	0.12067835032939911	0.3735164403915405
636	0.08830283582210541	0.12062809616327286	0.3730771541595459
637	0.0870344415307045	0.1202017143368721	0.3781500458717346
638	0.08890655636787415	0.12002310901880264	0.3787599802017212
639	0.08627421408891678	0.12018891423940659	0.37771958112716675
640	0.08793705701828003	0.12021080404520035	0.37800490856170654
641	0.09023983776569366	0.12020867317914963	0.3770590126514435
642	0.08621395379304886	0.1202608123421669	0.37423086166381836
643	0.08736199885606766	0.12048034369945526	0.3712848126888275
644	0.08719442784786224	0.12078431993722916	0.3684084117412567
645	0.08679616451263428	0.12108689546585083	0.36616015434265137
646	0.08742329478263855	0.12134947627782822	0.36295273900032043
647	0.08702358603477478	0.12139596790075302	0.36231741309165955
648	0.08670740574598312	0.12123028934001923	0.36397960782051086
649	0.0869005098938942	0.12114404886960983	0.36492860317230225
650	0.08790577948093414	0.1208905354142189	0.3676249086856842
651	0.08769994974136353	0.12057533860206604	0.37119102478027344
652	0.08584143966436386	0.12030576169490814	0.3742711544036865
653	0.08624077588319778	0.12007162719964981	0.3768855631351471
654	0.0851941779255867	0.120032899081707	0.3785521388053894
655	0.08714131265878677	0.12009938061237335	0.3790908753871918
656	0.08580958098173141	0.1202496662735939	0.3787323534488678
657	0.08670464903116226	0.1202550083398819	0.3787560760974884
658	0.08653675764799118	0.12029508501291275	0.37788158655166626
659	0.08533386886119843	0.12022514641284943	0.3772768974304199
660	0.08634638786315918	0.12017760425806046	0.37653887271881104
661	0.08637048304080963	0.12043239176273346	0.3735237419605255
662	0.0860304906964302	0.12065320461988449	0.37148618698120117
663	0.08566760271787643	0.12109840661287308	0.36678606271743774
664	0.08610490709543228	0.12123195827007294	0.36436575651168823
665	0.08632289618253708	0.12102259695529938	0.36651134490966797
666	0.08669664710760117	0.12094216048717499	0.36686035990715027
667	0.08621496707201004	0.12064003944396973	0.3698510229587555
668	0.08631370216608047	0.12025139480829239	0.37473270297050476
669	0.08595553785562515	0.11998770385980606	0.37678802013397217
670	0.08536943048238754	0.11969403177499771	0.38005051016807556
671	0.08587755262851715	0.11966535449028015	0.380715936422348
672	0.08696933835744858	0.11969173699617386	0.3829571008682251
673	0.08587250858545303	0.11982939392328262	0.3818543255329132
674	0.08524634689092636	0.12031097710132599	0.3762241005897522
675	0.08504531532526016	0.12091183662414551	0.3718080222606659
676	0.08493399620056152	0.1214839294552803	0.3668752908706665
677	0.08560537546873093	0.12196025997400284	0.36103591322898865
678	0.08655066788196564	0.12219022959470749	0.35781872272491455
679	0.08757098764181137	0.12220831960439682	0.357465535402298
680	0.08668486773967743	0.12229058891534805	0.3574258089065552
681	0.08682643622159958	0.12228959053754807	0.358173131942749
682	0.0848626121878624	0.12228310853242874	0.3593674898147583
683	0.0855957418680191	0.12206970155239105	0.3647845685482025
684	0.08594722300767899	0.12190721929073334	0.3670331537723541
685	0.08612153679132462	0.12195726484060287	0.3659754991531372
686	0.08608515560626984	0.12181068956851959	0.3670755624771118
687	0.08601447939872742	0.12158984690904617	0.3692627251148224
688	0.08566772937774658	0.12133099883794785	0.37302419543266296
689	0.08580857515335083	0.12091217935085297	0.3777865171432495
690	0.08555473387241364	0.12040875852108002	0.3824118971824646
691	0.08499278873205185	0.12014360725879669	0.3849669098854065
692	0.08669120818376541	0.11993241310119629	0.3863169550895691
693	0.08519675582647324	0.120002381503582	0.38558074831962585
694	0.08443020284175873	0.12010574340820312	0.3845129907131195
695	0.08537714183330536	0.12023437768220901	0.3844197988510132
696	0.08541997522115707	0.12056318670511246	0.38168013095855713
697	0.08529066294431686	0.12062453478574753	0.37833550572395325
698	0.08494377136230469	0.12068884074687958	0.37519514560699463
699	0.08589185029268265	0.12074077874422073	0.3730694353580475
700	0.08615745604038239	0.12065217643976212	0.3740265667438507
701	0.08415478467941284	0.12054242938756943	0.37582045793533325
702	0.08488698303699493	0.12038510292768478	0.3771558105945587
703	0.0846039354801178	0.12019994854927063	0.37831592559814453
704	0.0858858972787857	0.11996836215257645	0.37949156761169434
705	0.08539565652608871	0.11992473900318146	0.37884703278541565
706	0.08568043261766434	0.12001807242631912	0.37771499156951904
707	0.08493310958147049	0.12028370052576065	0.37475109100341797
708	0.08454227447509766	0.12051250785589218	0.37387824058532715
709	0.08587344735860825	0.12035004049539566	0.37510058283805847
710	0.08592627942562103	0.12002117186784744	0.3765977621078491
711	0.0847359150648117	0.12002534419298172	0.3746180832386017
712	0.0851081982254982	0.1201792061328888	0.3730882406234741
713	0.08493923395872116	0.1202157586812973	0.3728238344192505
714	0.08478257060050964	0.12024985998868942	0.3733372390270233
715	0.08300517499446869	0.12029099464416504	0.37276166677474976
716	0.0841144472360611	0.12041055411100388	0.37412476539611816
717	0.08314340561628342	0.12060987949371338	0.3726017475128174
718	0.08400008082389832	0.12089899927377701	0.36890968680381775
719	0.08567613363265991	0.12079726904630661	0.36921200156211853
720	0.08541319519281387	0.12053342163562775	0.3715061843395233
721	0.08371143788099289	0.1203838437795639	0.37378934025764465
722	0.08408282697200775	0.12012511491775513	0.3772418797016144
723	0.08416818082332611	0.11982440948486328	0.3806092143058777
724	0.08534156531095505	0.11995884776115417	0.3795541524887085
725	0.08464125543832779	0.11994670331478119	0.37879249453544617
726	0.08276394754648209	0.12012702226638794	0.3770124912261963
727	0.08291425555944443	0.12050024420022964	0.37468627095222473
728	0.08614031970500946	0.12063203006982803	0.37332993745803833
729	0.08482654392719269	0.12070993334054947	0.3715207278728485
730	0.08340055495500565	0.12058015167713165	0.37180614471435547
731	0.08273947983980179	0.12048182636499405	0.37348634004592896
732	0.08451291918754578	0.12046928703784943	0.3744660019874573
733	0.08387667685747147	0.12043087184429169	0.37566322088241577
734	0.08460628986358643	0.12042200565338135	0.376452773809433
735	0.08423958718776703	0.1204504519701004	0.3767995238304138
736	0.08432947844266891	0.12048573791980743	0.37728506326675415
737	0.08408378064632416	0.12040434032678604	0.37896502017974854
738	0.08318264782428741	0.12029716372489929	0.38130268454551697
739	0.08374916017055511	0.12045147269964218	0.37970685958862305
740	0.08333220332860947	0.12053119391202927	0.3796813189983368
741	0.08245600759983063	0.1205536350607872	0.3798173666000366
742	0.08296459168195724	0.12051362544298172	0.3807772696018219
743	0.08349929749965668	0.12041116505861282	0.38187748193740845
744	0.08334251493215561	0.1203051209449768	0.3835225999355316
745	0.08160798996686935	0.12025271356105804	0.3841743767261505
746	0.08282159268856049	0.12006082385778427	0.38614824414253235
747	0.0841236263513565	0.11994720995426178	0.3871511220932007
748	0.08326458930969238	0.11981047689914703	0.388407438993454
749	0.08267127722501755	0.11979685723781586	0.38757047057151794
750	0.08307655900716782	0.11988760530948639	0.38596034049987793
751	0.08230798691511154	0.12019726634025574	0.3818812668323517
752	0.08271202445030212	0.12035471946001053	0.3793012201786041
753	0.08256885409355164	0.120448537170887	0.37749943137168884
754	0.08304877579212189	0.12045496702194214	0.3760755658149719
755	0.08305143564939499	0.12030813843011856	0.3776260018348694
756	0.08197910338640213	0.1202586367726326	0.3786890208721161
757	0.08170384168624878	0.12016268819570541	0.37765705585479736
758	0.08202498406171799	0.12004505842924118	0.37811708450317383
759	0.08391548693180084	0.11995337903499603	0.37795713543891907
760	0.0828472226858139	0.11990499496459961	0.37728676199913025
761	0.08212704211473465	0.11991658061742783	0.37695997953414917
762	0.08249451965093613	0.12001924961805344	0.37586483359336853
763	0.08275675028562546	0.1199345737695694	0.376647025346756
764	0.08194682747125626	0.11983831226825714	0.37886980175971985
765	0.0825846865773201	0.12007859349250793	0.3774756193161011
766	0.08327724039554596	0.11993139982223511	0.3811545670032501
767	0.08103860914707184	0.11996372789144516	0.3831233084201813
768	0.08353571593761444	0.1200781837105751	0.3829362690448761
769	0.08274112641811371	0.12020780146121979	0.38086286187171936
770	0.08073855936527252	0.12024609744548798	0.3804868757724762
771	0.08125676214694977	0.12029533833265305	0.3804546296596527
772	0.08474528044462204	0.12024226039648056	0.381521075963974
773	0.08216963708400726	0.12045007944107056	0.37951037287712097
774	0.08129908889532089	0.12057828158140182	0.3798159062862396
775	0.082032710313797	0.12072357535362244	0.3793262839317322
776	0.08281056582927704	0.12104489654302597	0.3757357895374298
777	0.08336956799030304	0.1210586279630661	0.3757880628108978
778	0.08126718550920486	0.12104787677526474	0.37661635875701904
779	0.081132672727108	0.12083990126848221	0.3784676194190979
780	0.0834081768989563	0.12063301354646683	0.3797139823436737
781	0.08170299232006073	0.12073952704668045	0.3776549696922302
782	0.08151493966579437	0.12069828808307648	0.3774445950984955
783	0.08150333911180496	0.12059403955936432	0.37906649708747864
784	0.08283929526805878	0.12071473151445389	0.3782823383808136
785	0.08123486489057541	0.12080789357423782	0.3776859939098358
786	0.0820804014801979	0.1207931861281395	0.3789835274219513
787	0.08209457248449326	0.12057546526193619	0.3822215795516968
788	0.08005338907241821	0.12034286558628082	0.385179728269577
789	0.08155720680952072	0.1201566532254219	0.3869875967502594
790	0.08009396493434906	0.12008590996265411	0.38728275895118713
791	0.08170536905527115	0.11996052414178848	0.38776320219039917
792	0.08220921456813812	0.11984539031982422	0.3887394368648529
793	0.08067775517702103	0.1197226271033287	0.3889053165912628
794	0.0804288387298584	0.11974992603063583	0.3879595100879669
795	0.08225411176681519	0.11986609548330307	0.3857571482658386
796	0.08015086501836777	0.11986272037029266	0.38349318504333496
797	0.07940424233675003	0.11990806460380554	0.3821828365325928
798	0.08159332722425461	0.1199948713183403	0.38158154487609863
799	0.08167867362499237	0.12010680884122849	0.3815666437149048
800	0.08251196891069412	0.120038241147995	0.38273128867149353
801	0.08181538432836533	0.1195981577038765	0.3866594731807709
802	0.08183659613132477	0.11947029083967209	0.38758590817451477
803	0.08144862204790115	0.11930818855762482	0.388775497674942
804	0.08083769679069519	0.11921155452728271	0.38973385095596313
805	0.08158659934997559	0.1193232610821724	0.3881171643733978
806	0.07930627465248108	0.11943227052688599	0.38651829957962036
807	0.08067828416824341	0.11960630863904953	0.3846908509731293
808	0.079860620200634	0.11973756551742554	0.38451912999153137
809	0.08074000477790833	0.11955633759498596	0.3885944187641144
810	0.08043278753757477	0.11943849921226501	0.3903898000717163
811	0.08087191730737686	0.11926069110631943	0.38969555497169495
812	0.08085930347442627	0.11927507817745209	0.3888973891735077
813	0.08132516592741013	0.1195199117064476	0.3843781352043152
814	0.08165568858385086	0.12009401619434357	0.37589314579963684
815	0.08169345557689667	0.12030310928821564	0.37207335233688354
816	0.07986392825841904	0.12096512317657471	0.365507036447525
817	0.07912956178188324	0.12118971347808838	0.3625735640525818
818	0.0800672098994255	0.1210307776927948	0.3625986874103546
819	0.08200232684612274	0.12105684727430344	0.36301323771476746
820	0.07853471487760544	0.12085461616516113	0.3647764325141907
821	0.08005067706108093	0.12071628123521805	0.36760449409484863
822	0.08007433265447617	0.12062299251556396	0.3696839511394501
823	0.08072207868099213	0.12056010216474533	0.3711903393268585
824	0.08126839250326157	0.12037589401006699	0.3734781742095947
825	0.08068391680717468	0.12030955404043198	0.37505537271499634
826	0.07989141345024109	0.12027214467525482	0.3759492337703705
827	0.08149635046720505	0.12029826641082764	0.37630248069763184
828	0.08056342601776123	0.12049970775842667	0.3752208352088928
829	0.07970938831567764	0.12099743634462357	0.3706527650356293
830	0.0798797458410263	0.1211870089173317	0.36869844794273376
831	0.08017971366643906	0.12146663665771484	0.36636361479759216
832	0.07969927042722702	0.12144356966018677	0.36593374609947205
833	0.08178280293941498	0.12190424650907516	0.36332404613494873
834	0.08026570826768875	0.12198632955551147	0.3619142472743988
835	0.08006501942873001	0.12210050970315933	0.359626442193985
836	0.08038321137428284	0.12202464044094086	0.3582647442817688
837	0.08128310739994049	0.12209552526473999	0.358423113822937
838	0.08031995594501495	0.12185928970575333	0.36200129985809326
839	0.0799507349729538	0.12139472365379333	0.36591440439224243
840	0.08008650690317154	0.12085701525211334	0.37332502007484436
841	0.08045218139886856	0.12064255028963089	0.3768267035484314
842	0.07875920832157135	0.12059354037046432	0.3795454204082489
843	0.07949969917535782	0.1205756887793541	0.3807494640350342
844	0.08020135760307312	0.12074145674705505	0.37908196449279785
845	0.08066201210021973	0.12086881697177887	0.3773564100265503
846	0.07867538183927536	0.12105917185544968	0.37464335560798645
847	0.0796268880367279	0.1211894229054451	0.37252873182296753
848	0.07885287702083588	0.12149523198604584	0.36855819821357727
849	0.0788789615035057	0.12166879326105118	0.3655974566936493
850	0.07976429909467697	0.12212646752595901	0.363214910030365
851	0.07930551469326019	0.12245739251375198	0.36210715770721436
852	0.08003353327512741	0.12243961542844772	0.36307621002197266
853	0.08014994114637375	0.12198013067245483	0.36531195044517517
854	0.07940361648797989	0.12147728353738785	0.3687896430492401
855	0.07899209856987	0.12114280462265015	0.37182894349098206
856	0.07937624305486679	0.12111753970384598	0.3726842701435089
857	0.07930029928684235	0.12110527604818344	0.37415003776550293
858	0.0789436623454094	0.12120379507541656	0.3732658624649048
859	0.07752123475074768	0.12129678577184677	0.3719376027584076
860	0.07987039536237717	0.12113359570503235	0.3737696409225464
861	0.08125345408916473	0.12097484618425369	0.3739393353462219
862	0.08003129065036774	0.1207893118262291	0.3749881386756897
863	0.07864286750555038	0.12071944028139114	0.3752107322216034
864	0.08009506016969681	0.120754674077034	0.3747069239616394
865	0.07894103229045868	0.12065659463405609	0.37475067377090454
866	0.0796014592051506	0.12093810737133026	0.37235787510871887
867	0.07935293763875961	0.12117807567119598	0.37038975954055786
868	0.0795849859714508	0.12126929312944412	0.37156227231025696
869	0.07850675284862518	0.12112848460674286	0.3740221858024597
870	0.07935018092393875	0.12090075016021729	0.3768365681171417
871	0.0806548222899437	0.12048634141683578	0.3815999925136566
872	0.07909353077411652	0.1202351376414299	0.3855634927749634
873	0.07929231226444244	0.12008757144212723	0.388166218996048
874	0.07813200354576111	0.12008634954690933	0.39014485478401184
875	0.07871782779693604	0.12010368704795837	0.39038780331611633
876	0.07809775322675705	0.1202390119433403	0.3898274004459381
877	0.08052287250757217	0.12014957517385483	0.3901694416999817
878	0.07670534402132034	0.1202521100640297	0.38822412490844727
879	0.07826299220323563	0.12030037492513657	0.385125994682312
880	0.0798284113407135	0.12052980810403824	0.3798834979534149
881	0.07610464841127396	0.12091895192861557	0.37418851256370544
882	0.07829288393259048	0.12111881375312805	0.3704618811607361
883	0.07813093811273575	0.12098865211009979	0.36972784996032715
884	0.07764388620853424	0.12094663828611374	0.36847811937332153
885	0.07950374484062195	0.12077514082193375	0.3684821128845215
886	0.07774760574102402	0.12074469774961472	0.36856594681739807
887	0.07853807508945465	0.120870441198349	0.3679980933666229
888	0.08016973733901978	0.12111429125070572	0.3659496009349823
889	0.07874981313943863	0.12174027413129807	0.36201536655426025
890	0.07805115729570389	0.12216858565807343	0.3605440557003021
891	0.07842652499675751	0.1222849041223526	0.36219456791877747
892	0.07916878908872604	0.12212508916854858	0.36667951941490173
893	0.07874464988708496	0.12181280553340912	0.3710381090641022
894	0.07724252343177795	0.12140223383903503	0.37522274255752563
895	0.07982805371284485	0.1208004504442215	0.3794921040534973
896	0.07917662709951401	0.1202767938375473	0.3813225328922272
897	0.07828745990991592	0.1201612800359726	0.38119834661483765
898	0.07878262549638748	0.12014082074165344	0.380867063999176
899	0.07782700657844543	0.12027683854103088	0.37762778997421265
900	0.07722093909978867	0.1204170510172844	0.37491676211357117
901	0.0781748965382576	0.12067427486181259	0.37220504879951477
902	0.07919897884130478	0.12113940715789795	0.36979037523269653
903	0.0773969292640686	0.1215987578034401	0.36951231956481934
904	0.07847382873296738	0.12160197645425797	0.3696281313896179
905	0.07737758010625839	0.12101329863071442	0.37358665466308594
906	0.07914013415575027	0.12048418819904327	0.3792395293712616
907	0.0769551619887352	0.11997229605913162	0.3845937252044678
908	0.07713654637336731	0.11976970732212067	0.3870150148868561
909	0.07819827646017075	0.11988136917352676	0.38612303137779236
910	0.07687702775001526	0.12022474408149719	0.3827337920665741
911	0.0778733342885971	0.12063165009021759	0.3781796097755432
912	0.07892932742834091	0.1210998073220253	0.3729068636894226
913	0.07713738828897476	0.12176956236362457	0.3687884211540222
914	0.07668071240186691	0.12242960184812546	0.36578792333602905
915	0.07752124965190887	0.12255816906690598	0.36470678448677063
916	0.07899825274944305	0.12218356132507324	0.36611780524253845
917	0.07734943926334381	0.12169113755226135	0.3695574402809143
918	0.07735270261764526	0.12146799266338348	0.3721332252025604
919	0.0768720880150795	0.12139790505170822	0.37556591629981995
920	0.07789890468120575	0.12134899199008942	0.3775795102119446
921	0.07695682346820831	0.12123540788888931	0.37988877296447754
922	0.078010693192482	0.12132146954536438	0.3791399896144867
923	0.07747942954301834	0.1220458447933197	0.3760162591934204
924	0.0773964449763298	0.1227768063545227	0.37402868270874023
925	0.07804075628519058	0.12317893654108047	0.3725947141647339
926	0.07686726748943329	0.12288882583379745	0.37492015957832336
927	0.07734940946102142	0.12254643440246582	0.37644800543785095
928	0.07664522528648376	0.12194547802209854	0.37874358892440796
929	0.07687455415725708	0.12136665731668472	0.3813604712486267
930	0.07593962550163269	0.12068759649991989	0.38442346453666687
931	0.07757406681776047	0.12038338929414749	0.38459312915802
932	0.07601233571767807	0.11993087828159332	0.38786813616752625
933	0.0754147320985794	0.12007234990596771	0.3850330114364624
934	0.07743105292320251	0.12069658190011978	0.3775683343410492
935	0.07658011466264725	0.12146687507629395	0.37467435002326965
936	0.07631957530975342	0.12233427166938782	0.3713124990463257
937	0.07555334270000458	0.12269265204668045	0.3724583685398102
938	0.07863154262304306	0.12284005433320999	0.3737085461616516
939	0.07619567215442657	0.12257248908281326	0.3758637011051178
940	0.07582686096429825	0.12194386124610901	0.3786749243736267
941	0.07655172049999237	0.12142857164144516	0.3819773197174072
942	0.07595029473304749	0.12087558954954147	0.3859546184539795
943	0.07662311941385269	0.1204434260725975	0.38963550329208374
944	0.0761406421661377	0.1202009990811348	0.393046110868454
945	0.07683096081018448	0.12001829594373703	0.3939988315105438
946	0.07674303650856018	0.12012192606925964	0.393902063369751
947	0.07592590153217316	0.1202155351638794	0.3927839398384094
948	0.07682789862155914	0.12052558362483978	0.3913410007953644
949	0.07578634470701218	0.12038644403219223	0.3913918435573578
950	0.07711677253246307	0.12012603133916855	0.39151716232299805
951	0.076307512819767	0.11995835602283478	0.39213424921035767
952	0.07556965202093124	0.11985868960618973	0.39202603697776794
953	0.07631004601716995	0.1197575256228447	0.39276841282844543
954	0.07619860768318176	0.12007041275501251	0.38919636607170105
955	0.07615602761507034	0.12039483338594437	0.3858528733253479
956	0.07530215382575989	0.12064073234796524	0.3838273584842682
957	0.07468278706073761	0.12057909369468689	0.3838314712047577
958	0.07584117352962494	0.12034988403320312	0.3855569660663605
959	0.07671158015727997	0.12001732736825943	0.38849467039108276
960	0.07534133642911911	0.11977985501289368	0.39062783122062683
961	0.07654326409101486	0.11956335604190826	0.39215216040611267
962	0.07581187784671783	0.11956886947154999	0.39217349886894226
963	0.07654476165771484	0.11970748752355576	0.3907114267349243
964	0.07611260563135147	0.1198282539844513	0.3909745216369629
965	0.07608000934123993	0.11992578208446503	0.3906383514404297
966	0.07513288408517838	0.11995011568069458	0.3918437659740448
967	0.07576996088027954	0.1198425441980362	0.3933822214603424
968	0.07445285469293594	0.12002988904714584	0.3929970860481262
969	0.07442878186702728	0.12012442201375961	0.3922845423221588
970	0.07467679679393768	0.12002114951610565	0.3936009705066681
971	0.07359055429697037	0.11991488933563232	0.39458125829696655
972	0.07695253938436508	0.11986609548330307	0.3955439329147339
973	0.075313039124012	0.11973374336957932	0.39677366614341736
974	0.07520582526922226	0.11980996280908585	0.39610034227371216
975	0.07513809949159622	0.1194455698132515	0.3998108208179474
976	0.07426752150058746	0.1193508505821228	0.4008609652519226
977	0.07413142174482346	0.11940319091081619	0.40056112408638
978	0.07458966225385666	0.11985426396131516	0.39726224541664124
979	0.07341621071100235	0.12038762867450714	0.39303484559059143
980	0.07554557919502258	0.1207152009010315	0.3913128077983856
981	0.07711680233478546	0.12078826874494553	0.3899018466472626
982	0.0765136331319809	0.1204262301325798	0.39120903611183167
983	0.07589288055896759	0.1198635920882225	0.3937661945819855
984	0.07563094049692154	0.11949244886636734	0.3949711322784424
985	0.0742572620511055	0.11912563443183899	0.39841270446777344
986	0.07498247921466827	0.119014210999012	0.3992403745651245
987	0.075463205575943	0.11893648654222488	0.4006122052669525
988	0.0751379057765007	0.11930453032255173	0.3994925916194916
989	0.07521942257881165	0.11987055838108063	0.39737668633461
990	0.07409074157476425	0.12024837732315063	0.3962169587612152
991	0.07623552531003952	0.1203826367855072	0.3956858217716217
992	0.0744592696428299	0.12028135359287262	0.39773768186569214
993	0.07411710172891617	0.12001970410346985	0.3996891677379608
994	0.07499413192272186	0.11962848156690598	0.40071943402290344
995	0.07490264624357224	0.11941873282194138	0.40044891834259033
996	0.0765070766210556	0.11936292797327042	0.3993763327598572
997	0.07566482573747635	0.11978373676538467	0.39380452036857605
998	0.07603944838047028	0.12043295055627823	0.38725802302360535
999	0.07515549659729004	0.12092641741037369	0.38240617513656616
1000	0.0740920752286911	0.12191937863826752	0.37703943252563477
1001	0.07538267970085144	0.12276794761419296	0.3708835542201996
1002	0.07317099720239639	0.12334917485713959	0.3668726980686188
