epoch	train_loss	test_loss	test_metric
0	0.15292195975780487	0.13544271886348724	0.4321039915084839
1	0.14911425113677979	0.1363181620836258	0.42795366048812866
2	0.1478073000907898	0.1371605396270752	0.426893949508667
3	0.1466592252254486	0.1377173513174057	0.42763179540634155
4	0.14590001106262207	0.13805072009563446	0.42906686663627625
5	0.14595341682434082	0.13800542056560516	0.4321565330028534
6	0.1447211503982544	0.13808046281337738	0.4337625205516815
7	0.1440010368824005	0.1381087452173233	0.4372161328792572
8	0.14420509338378906	0.13812145590782166	0.4259698688983917
9	0.14249494671821594	0.13812397420406342	0.41875430941581726
10	0.14326290786266327	0.13807456195354462	0.4038206934928894
11	0.14193513989448547	0.13776862621307373	0.40680214762687683
12	0.14261452853679657	0.13752835988998413	0.40345072746276855
13	0.1409042328596115	0.13739542663097382	0.4017873704433441
14	0.14216631650924683	0.13716650009155273	0.39488616585731506
15	0.14113982021808624	0.13706476986408234	0.3933030366897583
16	0.14241673052310944	0.13698580861091614	0.3817701041698456
17	0.14013318717479706	0.1369103044271469	0.38705891370773315
18	0.1391831338405609	0.1368991583585739	0.3789694309234619
19	0.14081613719463348	0.13679742813110352	0.3747897148132324
20	0.13973358273506165	0.13663695752620697	0.3795512020587921
21	0.14126965403556824	0.13647042214870453	0.3576001226902008
22	0.14041541516780853	0.13631080090999603	0.3607177734375
23	0.1387435346841812	0.13624493777751923	0.3500339984893799
24	0.13823947310447693	0.1363651305437088	0.3570365309715271
25	0.13751474022865295	0.13625526428222656	0.37029585242271423
26	0.13810645043849945	0.1361214518547058	0.3665972352027893
27	0.13802418112754822	0.1359633058309555	0.3739728331565857
28	0.13811427354812622	0.13575379550457	0.36616501212120056
29	0.13658547401428223	0.13571970164775848	0.3663443922996521
30	0.13853128254413605	0.13555282354354858	0.35567164421081543
31	0.1366906762123108	0.13529862463474274	0.3550911545753479
32	0.13531625270843506	0.13506996631622314	0.35253509879112244
33	0.13547568023204803	0.1349521428346634	0.358085960149765
34	0.13599495589733124	0.13471719622612	0.35590872168540955
35	0.13576357066631317	0.13466884195804596	0.35169103741645813
36	0.13558822870254517	0.13453668355941772	0.34758198261260986
37	0.13473062217235565	0.1342821568250656	0.34087884426116943
38	0.13475117087364197	0.1345791518688202	0.3599288761615753
39	0.13411302864551544	0.1341375708580017	0.3875467777252197
40	0.13193552196025848	0.13396355509757996	0.38139116764068604
41	0.13331718742847443	0.1334984302520752	0.383301317691803
42	0.1325913667678833	0.13261958956718445	0.3915272057056427
43	0.13224001228809357	0.1320938616991043	0.3842245936393738
44	0.13426129519939423	0.13172794878482819	0.39430102705955505
45	0.13285289704799652	0.13119976222515106	0.3729676306247711
46	0.13117022812366486	0.1301780343055725	0.3785257339477539
47	0.13063225150108337	0.1304745078086853	0.40636512637138367
48	0.1328192502260208	0.13035744428634644	0.4039968252182007
49	0.13157089054584503	0.130288228392601	0.4053933024406433
50	0.13141696155071259	0.13035288453102112	0.4078181982040405
51	0.1297011524438858	0.13036544620990753	0.4018985629081726
52	0.13195151090621948	0.13046136498451233	0.38389262557029724
53	0.12989474833011627	0.13077141344547272	0.37740811705589294
54	0.1312495768070221	0.13095517456531525	0.3765091300010681
55	0.1307668834924698	0.1309019774198532	0.3669523596763611
56	0.13077427446842194	0.13097542524337769	0.36692067980766296
57	0.1294751614332199	0.13088540732860565	0.37522685527801514
58	0.12862448394298553	0.13083679974079132	0.3605503439903259
59	0.12995795905590057	0.1308155357837677	0.3580058217048645
60	0.12980970740318298	0.13086193799972534	0.35362643003463745
61	0.12751087546348572	0.13059942424297333	0.36057722568511963
62	0.12816491723060608	0.1306009441614151	0.3634916841983795
63	0.12819355726242065	0.13074812293052673	0.3606099486351013
64	0.1285494714975357	0.13107982277870178	0.3425585925579071
65	0.12774252891540527	0.13061992824077606	0.3486330807209015
66	0.12882274389266968	0.13092373311519623	0.3455580770969391
67	0.1283438503742218	0.13106736540794373	0.3504733145236969
68	0.12756505608558655	0.13120661675930023	0.35454824566841125
69	0.12802357971668243	0.13137610256671906	0.35953831672668457
70	0.12894338369369507	0.13163240253925323	0.36284562945365906
71	0.12756392359733582	0.13100703060626984	0.3645936846733093
72	0.12591296434402466	0.13081184029579163	0.34866777062416077
73	0.12710005044937134	0.13064666092395782	0.3465481996536255
74	0.12614096701145172	0.13046889007091522	0.3417515754699707
75	0.12778416275978088	0.13062214851379395	0.33357879519462585
76	0.12642453610897064	0.13053910434246063	0.34924155473709106
77	0.12684017419815063	0.1303856372833252	0.3504021465778351
78	0.12683488428592682	0.13039706647396088	0.3548206388950348
79	0.12701931595802307	0.13034747540950775	0.35504037141799927
80	0.12490959465503693	0.1305098682641983	0.33562737703323364
81	0.125416100025177	0.13076558709144592	0.3394976258277893
82	0.12479294836521149	0.1308416873216629	0.34626489877700806
83	0.12534919381141663	0.13149961829185486	0.36193016171455383
84	0.12582702934741974	0.13156989216804504	0.3554746210575104
85	0.12598809599876404	0.1323537975549698	0.3399581015110016
86	0.12617705762386322	0.1321995109319687	0.3477833569049835
87	0.1264750212430954	0.13142457604408264	0.3819478154182434
88	0.12533114850521088	0.13093401491641998	0.3899209797382355
89	0.12496358901262283	0.13029731810092926	0.39544346928596497
90	0.12441211193799973	0.12999773025512695	0.39202916622161865
91	0.12602581083774567	0.12998303771018982	0.393044114112854
92	0.12345734238624573	0.129952073097229	0.38849133253097534
93	0.12482335418462753	0.12998256087303162	0.38755956292152405
94	0.12432529032230377	0.12965233623981476	0.3796673119068146
95	0.12472619861364365	0.1298353224992752	0.37384191155433655
96	0.12375131994485855	0.13051636517047882	0.3685359060764313
97	0.12428684532642365	0.1311013102531433	0.3642615079879761
98	0.12355603277683258	0.1313806027173996	0.36788877844810486
99	0.12209472805261612	0.13142292201519012	0.3699578046798706
100	0.12353668361902237	0.13123132288455963	0.3673904836177826
101	0.125401109457016	0.1308995485305786	0.37751930952072144
102	0.12385530024766922	0.13061518967151642	0.3785310685634613
103	0.12248443812131882	0.1304132044315338	0.3800234794616699
104	0.12209662050008774	0.13021519780158997	0.3778596520423889
105	0.12225204706192017	0.1303582489490509	0.37645986676216125
106	0.12211690098047256	0.1307363212108612	0.38207754492759705
107	0.12259093672037125	0.13108602166175842	0.39334172010421753
108	0.12316291034221649	0.13135091960430145	0.3953867256641388
109	0.12091366201639175	0.13142111897468567	0.39691656827926636
110	0.12048088014125824	0.13097351789474487	0.4143485426902771
111	0.12109784781932831	0.13091903924942017	0.41248849034309387
112	0.12225563079118729	0.13109178841114044	0.40807071328163147
113	0.11905108392238617	0.1310318410396576	0.41132450103759766
114	0.1222117468714714	0.13065876066684723	0.3890370726585388
115	0.11968487501144409	0.13029329478740692	0.39187994599342346
116	0.11983838677406311	0.1298304945230484	0.39148277044296265
117	0.12013152241706848	0.12945495545864105	0.39240115880966187
118	0.12061413377523422	0.1288762390613556	0.40105029940605164
119	0.12110387533903122	0.12897439301013947	0.40100666880607605
120	0.11953379958868027	0.12914036214351654	0.4003067910671234
121	0.12126234918832779	0.12937764823436737	0.39784467220306396
122	0.11971479654312134	0.12962782382965088	0.39327147603034973
123	0.12055384367704391	0.12924198806285858	0.39789801836013794
124	0.11919685453176498	0.12903538346290588	0.39721211791038513
125	0.11908750236034393	0.12854400277137756	0.3938778042793274
126	0.11911150068044662	0.12837252020835876	0.3904799222946167
127	0.1199028417468071	0.12831205129623413	0.3831470012664795
128	0.11861158907413483	0.12763620913028717	0.3882845938205719
129	0.1188749149441719	0.12782862782478333	0.3946612477302551
130	0.1192140281200409	0.12783001363277435	0.39809224009513855
131	0.11837094277143478	0.12785425782203674	0.39612242579460144
132	0.11908891797065735	0.12820623815059662	0.39602184295654297
133	0.1193142905831337	0.12846609950065613	0.39208778738975525
134	0.11852660775184631	0.12877486646175385	0.3877328634262085
135	0.11864546686410904	0.12896741926670074	0.38700178265571594
136	0.11841310560703278	0.12906137108802795	0.38035687804222107
137	0.11759194731712341	0.1289978325366974	0.3793914318084717
138	0.11849287152290344	0.1287442147731781	0.37912866473197937
139	0.1183641254901886	0.12871596217155457	0.376694917678833
140	0.11714139580726624	0.12809839844703674	0.3830605149269104
141	0.11687453836202621	0.12799277901649475	0.38015180826187134
142	0.11571641266345978	0.12761986255645752	0.3887060582637787
143	0.1176464781165123	0.12760724127292633	0.39142540097236633
144	0.11694931983947754	0.12773744761943817	0.3886728584766388
145	0.11550888419151306	0.12815585732460022	0.37808161973953247
146	0.11744407564401627	0.12830807268619537	0.3788730502128601
147	0.11700990796089172	0.128722682595253	0.3798689842224121
148	0.1170092523097992	0.12866811454296112	0.38526079058647156
149	0.11643034219741821	0.12854944169521332	0.38249409198760986
150	0.11900181323289871	0.12839025259017944	0.3810064494609833
151	0.11650513112545013	0.12797001004219055	0.3822194039821625
152	0.11768972128629684	0.12730278074741364	0.3848187029361725
153	0.11569256335496902	0.12707874178886414	0.3897511661052704
154	0.11646027863025665	0.12670528888702393	0.4011387526988983
155	0.11578929424285889	0.12719865143299103	0.3959752917289734
156	0.11710351705551147	0.12758298218250275	0.3938954472541809
157	0.11648254841566086	0.12807244062423706	0.3869963586330414
158	0.1161675676703453	0.12820476293563843	0.393571674823761
159	0.11541756987571716	0.1281425654888153	0.38774773478507996
160	0.11585687100887299	0.12767498195171356	0.3931404948234558
161	0.11515110731124878	0.12764276564121246	0.383966326713562
162	0.11605367064476013	0.12743186950683594	0.37979182600975037
163	0.11525920778512955	0.1274670958518982	0.3896268904209137
164	0.11556393653154373	0.1286519169807434	0.36159074306488037
165	0.1155184656381607	0.1283462643623352	0.3631124794483185
166	0.11542414128780365	0.12874257564544678	0.35883161425590515
167	0.11474961787462234	0.12839210033416748	0.35971155762672424
168	0.11579962819814682	0.12827549874782562	0.3645237386226654
169	0.11381690204143524	0.12751707434654236	0.37421056628227234
170	0.11376412957906723	0.12746958434581757	0.3737713396549225
171	0.11456960439682007	0.12757867574691772	0.36684632301330566
172	0.11431907117366791	0.1270882487297058	0.3825191259384155
173	0.11387015134096146	0.1263563483953476	0.38845163583755493
174	0.11504708230495453	0.12680791318416595	0.3833804428577423
175	0.11415986716747284	0.12688001990318298	0.3829081356525421
176	0.11505741626024246	0.12750683724880219	0.37160176038742065
177	0.11435679346323013	0.1276271641254425	0.3713092505931854
178	0.11408085376024246	0.12724292278289795	0.3759481608867645
179	0.11440671235322952	0.1275711953639984	0.36276865005493164
180	0.11272699385881424	0.12785696983337402	0.35729995369911194
181	0.11204778403043747	0.1285421997308731	0.3573765456676483
182	0.11232757568359375	0.12849947810173035	0.38769248127937317
183	0.11574911326169968	0.1301446259021759	0.3788556158542633
184	0.1147557944059372	0.1303449273109436	0.36753252148628235
185	0.11357061564922333	0.13005396723747253	0.3725379705429077
186	0.11444652080535889	0.12947389483451843	0.36007267236709595
187	0.11348173022270203	0.12923280894756317	0.35274216532707214
188	0.11268296092748642	0.12868466973304749	0.36314529180526733
189	0.11385995894670486	0.1289215087890625	0.3593461811542511
190	0.11336780339479446	0.1291632205247879	0.35887831449508667
191	0.1131671890616417	0.12930890917778015	0.3593021631240845
192	0.11506657302379608	0.12922711670398712	0.35642126202583313
193	0.11480823904275894	0.12915988266468048	0.3361268639564514
194	0.11402782797813416	0.12841607630252838	0.3467463552951813
195	0.11367201060056686	0.12737862765789032	0.35539671778678894
196	0.11245108395814896	0.1272498220205307	0.3614046275615692
197	0.11316865682601929	0.1277822107076645	0.347135454416275
198	0.11358731240034103	0.12854211032390594	0.34000763297080994
199	0.11264746636152267	0.12920476496219635	0.3450973927974701
200	0.1128210797905922	0.1295589953660965	0.33937525749206543
201	0.11264239251613617	0.12937088310718536	0.34419336915016174
202	0.11602164059877396	0.1294189989566803	0.3552487790584564
203	0.11331059783697128	0.12916381657123566	0.36321598291397095
204	0.11371808499097824	0.1280727982521057	0.3636840581893921
205	0.11352988332509995	0.1279011368751526	0.37661275267601013
206	0.11343344300985336	0.12801554799079895	0.3711705207824707
207	0.1121058389544487	0.12776021659374237	0.36855167150497437
208	0.11543190479278564	0.12731890380382538	0.37337732315063477
209	0.11490168422460556	0.12721003592014313	0.36717310547828674
210	0.11434978991746902	0.1282089650630951	0.3584066331386566
211	0.11506999284029007	0.12774594128131866	0.3545154929161072
212	0.11555130034685135	0.12736724317073822	0.35746458172798157
213	0.11498785763978958	0.12704753875732422	0.36037108302116394
214	0.115737184882164	0.12712328135967255	0.3611361086368561
215	0.11425214260816574	0.1268429458141327	0.3818107843399048
216	0.1132294088602066	0.12536798417568207	0.40035396814346313
217	0.11005613952875137	0.12712056934833527	0.3754161596298218
218	0.11165992170572281	0.12800881266593933	0.37105685472488403
219	0.11276739835739136	0.12842847406864166	0.37542083859443665
220	0.11202198266983032	0.12884852290153503	0.38698217272758484
221	0.1127246841788292	0.1290236860513687	0.3835196793079376
222	0.11152225732803345	0.12825734913349152	0.38748687505722046
223	0.10989267379045486	0.12808354198932648	0.38372692465782166
224	0.11072535812854767	0.1279597133398056	0.37400051951408386
225	0.11298617720603943	0.12746994197368622	0.382425993680954
226	0.11189892143011093	0.12737224996089935	0.39906546473503113
227	0.11212782561779022	0.12785206735134125	0.3985239565372467
228	0.11183462291955948	0.12911023199558258	0.39014172554016113
229	0.1111338883638382	0.1294679045677185	0.3867798149585724
230	0.11044507473707199	0.1297675520181656	0.3784354031085968
231	0.11152360588312149	0.1290784478187561	0.4040950536727905
232	0.11296974867582321	0.1294897049665451	0.3977070450782776
233	0.11302046477794647	0.12922748923301697	0.39788517355918884
234	0.11234162002801895	0.12895631790161133	0.4008079171180725
235	0.11247594654560089	0.12869593501091003	0.38717249035835266
236	0.11228179931640625	0.1282331794500351	0.3937969505786896
237	0.11191640794277191	0.12851601839065552	0.38357558846473694
238	0.11166071146726608	0.12782445549964905	0.3964487910270691
239	0.1118333488702774	0.12743528187274933	0.39658883213996887
240	0.11220014095306396	0.12751886248588562	0.391417920589447
241	0.11066454648971558	0.12768320739269257	0.3957820534706116
242	0.11098209768533707	0.12772050499916077	0.3950116038322449
243	0.11001172661781311	0.12809394299983978	0.38640159368515015
244	0.11180904507637024	0.128083273768425	0.3833497166633606
245	0.1117498129606247	0.1281687468290329	0.3908749222755432
246	0.11020132899284363	0.12803539633750916	0.3958897888660431
247	0.1116589680314064	0.1279415637254715	0.3971405029296875
248	0.10979603230953217	0.1281663030385971	0.39460909366607666
249	0.11064258217811584	0.12793587148189545	0.3941015601158142
250	0.10967878252267838	0.12748198211193085	0.3984343409538269
251	0.10809116810560226	0.12744010984897614	0.39511746168136597
252	0.10943400859832764	0.12743622064590454	0.39795199036598206
253	0.10780299454927444	0.12777729332447052	0.39772969484329224
254	0.10754887014627457	0.12774071097373962	0.40018507838249207
255	0.10850631445646286	0.12781226634979248	0.39720389246940613
256	0.10880603641271591	0.1280413717031479	0.39574000239372253
257	0.10814817249774933	0.1280471235513687	0.407730370759964
258	0.10987841337919235	0.12787245213985443	0.4033818244934082
259	0.10840547829866409	0.12761354446411133	0.40747857093811035
260	0.10856189578771591	0.127450093626976	0.40625593066215515
261	0.10847056657075882	0.12716065347194672	0.41067707538604736
262	0.10799441486597061	0.12714754045009613	0.403999924659729
263	0.10979538410902023	0.12712280452251434	0.4069945216178894
264	0.10724025219678879	0.12692078948020935	0.4076981544494629
265	0.10775797069072723	0.12667176127433777	0.4089782238006592
266	0.10807319730520248	0.1263863742351532	0.4103011190891266
267	0.1062445417046547	0.12637941539287567	0.414550244808197
268	0.10740353167057037	0.1260380893945694	0.4200859069824219
269	0.10619468986988068	0.12620219588279724	0.4195968806743622
270	0.10620497167110443	0.1260984241962433	0.4212534725666046
271	0.1069771945476532	0.1259942501783371	0.4340457320213318
272	0.10699840635061264	0.1254279762506485	0.4406442642211914
273	0.1068507507443428	0.12520542740821838	0.43717068433761597
274	0.10786343365907669	0.12484165281057358	0.4402807950973511
275	0.10805290937423706	0.12555080652236938	0.4257235825061798
276	0.10818042606115341	0.1259237676858902	0.4234962463378906
277	0.10698234289884567	0.12623582780361176	0.42184627056121826
278	0.10755731165409088	0.12651661038398743	0.4150509536266327
279	0.10744959861040115	0.12649598717689514	0.42162057757377625
280	0.1084199845790863	0.12664027512073517	0.4202715754508972
281	0.10968136042356491	0.12650294601917267	0.41289159655570984
282	0.10820695757865906	0.12636007368564606	0.41645753383636475
283	0.1077083945274353	0.1260605901479721	0.41620829701423645
284	0.10854405164718628	0.12541644275188446	0.42895781993865967
285	0.10726146399974823	0.1257690042257309	0.42736053466796875
286	0.10897205770015717	0.1265869438648224	0.41494297981262207
287	0.10809354484081268	0.1263638436794281	0.41404226422309875
288	0.10776830464601517	0.12622292339801788	0.4143328368663788
289	0.10683180391788483	0.1259339451789856	0.4121105372905731
290	0.10699000209569931	0.12623175978660583	0.40563830733299255
291	0.10582411289215088	0.12641024589538574	0.4023441672325134
292	0.10764934122562408	0.12703396379947662	0.39858153462409973
293	0.10683074593544006	0.12684687972068787	0.39849886298179626
294	0.10756546258926392	0.12823329865932465	0.37115320563316345
295	0.10653968155384064	0.12690208852291107	0.3760984539985657
296	0.10719603300094604	0.12663020193576813	0.3763382136821747
297	0.10760273039340973	0.12581691145896912	0.38630855083465576
298	0.1084684282541275	0.12603124976158142	0.3910297751426697
299	0.10964988172054291	0.12645873427391052	0.37908875942230225
300	0.1063685491681099	0.12679986655712128	0.3802028298377991
301	0.10724464058876038	0.12736432254314423	0.3767557442188263
302	0.10920704156160355	0.1272769421339035	0.38664865493774414
303	0.10609722137451172	0.12736837565898895	0.3851735591888428
304	0.10848668217658997	0.1273004114627838	0.3829614520072937
305	0.10716450214385986	0.12680678069591522	0.3874105215072632
306	0.10581670701503754	0.12670299410820007	0.38578954339027405
307	0.10607144981622696	0.12638124823570251	0.38800016045570374
308	0.10629025101661682	0.12738756835460663	0.3806822896003723
309	0.1052442416548729	0.1262897402048111	0.39094313979148865
310	0.10510629415512085	0.1261548399925232	0.3935038149356842
311	0.10571646690368652	0.12638388574123383	0.3918072581291199
312	0.10401855409145355	0.12669335305690765	0.38882479071617126
313	0.10388759523630142	0.12694470584392548	0.38669753074645996
314	0.10565662384033203	0.12684454023838043	0.38525164127349854
315	0.10420875996351242	0.12659355998039246	0.3830185532569885
316	0.10523565858602524	0.12624381482601166	0.38151296973228455
317	0.10441580414772034	0.12607741355895996	0.3789502680301666
318	0.10544741153717041	0.12629534304141998	0.37368690967559814
319	0.10429483652114868	0.12656395137310028	0.3689919412136078
320	0.10529594123363495	0.1268005669116974	0.37304621934890747
321	0.10346899181604385	0.12749499082565308	0.3721269369125366
322	0.10375377535820007	0.12780214846134186	0.37549006938934326
323	0.10352788865566254	0.12808246910572052	0.38338685035705566
324	0.10415622591972351	0.12781357765197754	0.3842056691646576
325	0.10410557687282562	0.1274528056383133	0.3842929005622864
326	0.10338427871465683	0.12698781490325928	0.38458311557769775
327	0.10354679822921753	0.12667326629161835	0.38096603751182556
328	0.10269448906183243	0.12604676187038422	0.38584065437316895
329	0.10403238981962204	0.12614324688911438	0.37895870208740234
330	0.10260346531867981	0.12623120844364166	0.3736424744129181
331	0.10250802338123322	0.12630866467952728	0.3715079426765442
332	0.10393483936786652	0.12644870579242706	0.37305888533592224
333	0.10354024916887283	0.1268664449453354	0.37256360054016113
334	0.10387357324361801	0.1270892471075058	0.3705850839614868
335	0.1031336709856987	0.12733107805252075	0.36915746331214905
336	0.10408289730548859	0.12693271040916443	0.37496185302734375
337	0.10163892060518265	0.12692402303218842	0.3744557499885559
338	0.10316577553749084	0.12706732749938965	0.36950191855430603
339	0.101354219019413	0.12690556049346924	0.3776794672012329
340	0.10308342427015305	0.1272173523902893	0.3745868504047394
341	0.10476458072662354	0.12747900187969208	0.37506362795829773
342	0.10441315919160843	0.12746447324752808	0.3740100860595703
343	0.10362318158149719	0.12764592468738556	0.36828333139419556
344	0.10210303962230682	0.127298504114151	0.3777855634689331
345	0.10232032835483551	0.12663109600543976	0.37912532687187195
346	0.10186855494976044	0.1261354386806488	0.37499669194221497
347	0.1020854264497757	0.1255919486284256	0.37435799837112427
348	0.10268789529800415	0.12549784779548645	0.3741213083267212
349	0.10155835747718811	0.12544649839401245	0.37868532538414
350	0.10145096480846405	0.12594325840473175	0.3790782690048218
351	0.1001814678311348	0.12646329402923584	0.37952062487602234
352	0.10265462845563889	0.12671193480491638	0.37893930077552795
353	0.1025473028421402	0.1264408826828003	0.37870100140571594
354	0.10175821185112	0.12622380256652832	0.380436509847641
355	0.10285647213459015	0.12586121261119843	0.38065385818481445
356	0.1005324274301529	0.1254594922065735	0.3814483880996704
357	0.10052726417779922	0.1254148930311203	0.38216841220855713
358	0.101558156311512	0.12567748129367828	0.3785770535469055
359	0.10242065787315369	0.12568219006061554	0.38021522760391235
360	0.10155831277370453	0.12591031193733215	0.3814661204814911
361	0.1002398431301117	0.1261635422706604	0.3770209550857544
362	0.10197713971138	0.12625199556350708	0.37659135460853577
363	0.10005553811788559	0.12619605660438538	0.37903156876564026
364	0.10154739767313004	0.1261221021413803	0.37868741154670715
365	0.1013815850019455	0.12586930394172668	0.37966203689575195
366	0.09999922662973404	0.12565363943576813	0.38057848811149597
367	0.10000156611204147	0.12573881447315216	0.3797151446342468
368	0.10060254484415054	0.12579500675201416	0.3821468949317932
369	0.09985296428203583	0.12627147138118744	0.38017433881759644
370	0.09953202307224274	0.12614162266254425	0.38255971670150757
371	0.10218538343906403	0.1257002055644989	0.3839820325374603
372	0.09979464113712311	0.12524862587451935	0.38247376680374146
373	0.10123313218355179	0.12498780339956284	0.3826387822628021
374	0.10178519040346146	0.12499532848596573	0.38197460770606995
375	0.10079913586378098	0.12546488642692566	0.38123854994773865
376	0.10153350979089737	0.1259591281414032	0.38078856468200684
377	0.09992063790559769	0.12629324197769165	0.38138458132743835
378	0.10039369761943817	0.12647125124931335	0.3818235397338867
379	0.09881962835788727	0.1264851838350296	0.3823089301586151
380	0.09926684945821762	0.12635619938373566	0.38347315788269043
381	0.10021132975816727	0.12604930996894836	0.3835774064064026
382	0.09886009246110916	0.1253938525915146	0.38712823390960693
383	0.09888608753681183	0.12501554191112518	0.38784167170524597
384	0.09927857667207718	0.12452200055122375	0.3884328603744507
385	0.09884127229452133	0.1243218407034874	0.38833683729171753
386	0.09987898916006088	0.12446059286594391	0.3844398558139801
387	0.10004674643278122	0.12466773390769958	0.38339194655418396
388	0.09758031368255615	0.12498769909143448	0.3821938633918762
389	0.09874050319194794	0.12539789080619812	0.38069990277290344
390	0.09844808280467987	0.12550608813762665	0.37809303402900696
391	0.10125289112329483	0.12549327313899994	0.37780407071113586
392	0.09953824430704117	0.12543153762817383	0.3779675364494324
393	0.09818850457668304	0.1252390593290329	0.37788257002830505
394	0.09751594811677933	0.12505117058753967	0.37816429138183594
395	0.09762594848871231	0.12485135346651077	0.3799038529396057
396	0.09705110639333725	0.12479837238788605	0.3798823356628418
397	0.09924590587615967	0.12480764836072922	0.3792259097099304
398	0.097331203520298	0.12505677342414856	0.3781733810901642
399	0.09966734796762466	0.1253514289855957	0.37725216150283813
400	0.09898242354393005	0.12559334933757782	0.3758118450641632
401	0.09809904545545578	0.12567758560180664	0.374740868806839
402	0.09744899719953537	0.12557782232761383	0.37447863817214966
403	0.09750304371118546	0.1255422830581665	0.3711971938610077
404	0.09859155863523483	0.12540696561336517	0.3745380938053131
405	0.09826924651861191	0.12533500790596008	0.374772310256958
406	0.09723848104476929	0.12521935999393463	0.37563517689704895
407	0.097272127866745	0.12517960369586945	0.3756924569606781
408	0.09718172997236252	0.1251152753829956	0.3747609853744507
409	0.0974886417388916	0.12506496906280518	0.37568679451942444
410	0.09727340936660767	0.1251428872346878	0.3759582042694092
411	0.0960918441414833	0.1253635287284851	0.3724708557128906
412	0.0980006530880928	0.1256592720746994	0.367750883102417
413	0.09767212718725204	0.12558849155902863	0.3679433763027191
414	0.09712528437376022	0.12525640428066254	0.3703625500202179
415	0.09683295339345932	0.1249493882060051	0.3735724091529846
416	0.09712119400501251	0.12473015487194061	0.3762397766113281
417	0.09571710973978043	0.12453193962574005	0.37825506925582886
418	0.09740643948316574	0.1243877112865448	0.3810720443725586
419	0.09657388925552368	0.12460049986839294	0.3810226321220398
420	0.0972684919834137	0.12483899295330048	0.379779189825058
421	0.09545163810253143	0.12496981024742126	0.37886592745780945
422	0.09629793465137482	0.12487822026014328	0.3782549798488617
423	0.09717057645320892	0.1247406154870987	0.3759533166885376
424	0.09700863063335419	0.12439610809087753	0.3761981725692749
425	0.09618906676769257	0.12409360706806183	0.3770536184310913
426	0.095231793820858	0.12382368743419647	0.3769686818122864
427	0.09680415689945221	0.12377920001745224	0.37623026967048645
428	0.09547444432973862	0.12380009889602661	0.37558433413505554
429	0.09586997330188751	0.12390603125095367	0.3753930926322937
430	0.09578671306371689	0.12415992468595505	0.3744206726551056
431	0.09719229489564896	0.1244041845202446	0.3737398684024811
432	0.09533903747797012	0.12449415773153305	0.374193012714386
433	0.09451582282781601	0.1244637742638588	0.3750053346157074
434	0.09580400586128235	0.12441590428352356	0.3756679594516754
435	0.09483985602855682	0.12424653023481369	0.3766980469226837
436	0.09679977595806122	0.12416742742061615	0.37774038314819336
437	0.09466735273599625	0.12414628267288208	0.3788219094276428
438	0.09552008658647537	0.12420354783535004	0.3792927861213684
439	0.09610388427972794	0.12417562305927277	0.3797432780265808
440	0.09491702914237976	0.12406376749277115	0.3815866708755493
441	0.09506610035896301	0.1241474598646164	0.3798927664756775
442	0.09544815868139267	0.12406732141971588	0.37912994623184204
443	0.09536760300397873	0.12413623183965683	0.37645572423934937
444	0.09394049644470215	0.12427431344985962	0.37623947858810425
445	0.09391079843044281	0.12435071170330048	0.3741470277309418
446	0.09469747543334961	0.12443026900291443	0.37251579761505127
447	0.09488527476787567	0.12459789216518402	0.3704911768436432
448	0.09426062554121017	0.12466281652450562	0.3691229522228241
449	0.09394223242998123	0.12459905445575714	0.36690154671669006
450	0.09413190931081772	0.12432412803173065	0.368108868598938
451	0.09387583285570145	0.12421087175607681	0.36853960156440735
452	0.09437087178230286	0.1241680383682251	0.3702952563762665
453	0.09425020962953568	0.12440573424100876	0.369230180978775
454	0.0939687043428421	0.12456973642110825	0.3673708438873291
455	0.0940268412232399	0.12448515743017197	0.36769556999206543
456	0.092515729367733	0.1243753582239151	0.3683655858039856
457	0.09265077114105225	0.124336376786232	0.3690209686756134
458	0.09384452551603317	0.1243039220571518	0.36955776810646057
459	0.09363414347171783	0.12428618222475052	0.3702109158039093
460	0.09329235553741455	0.1241072341799736	0.37127694487571716
461	0.09398031234741211	0.12408927083015442	0.37242916226387024
462	0.09268428385257721	0.12420199811458588	0.3746110498905182
463	0.09282044321298599	0.12445535510778427	0.3746182322502136
464	0.09359551221132278	0.12442996352910995	0.3748895823955536
465	0.09263187646865845	0.12439224123954773	0.37493449449539185
466	0.09377195686101913	0.12426521629095078	0.374728262424469
467	0.09322986751794815	0.1243230551481247	0.3737410306930542
468	0.09263961762189865	0.12445758283138275	0.372670441865921
469	0.09251109510660172	0.12444829195737839	0.3724699318408966
470	0.09374908357858658	0.12431829422712326	0.3727474808692932
471	0.09322240203619003	0.12402001023292542	0.3736895024776459
472	0.09384774416685104	0.1238243579864502	0.37426966428756714
473	0.0946822389960289	0.12391079217195511	0.37364858388900757
474	0.09288713335990906	0.12402162700891495	0.3728642463684082
475	0.093206986784935	0.12413713335990906	0.3723580837249756
476	0.09214645624160767	0.12422298640012741	0.37230944633483887
477	0.09395984560251236	0.12435901165008545	0.37220948934555054
478	0.0919254869222641	0.12435517460107803	0.37189388275146484
479	0.09221404045820236	0.12414222955703735	0.3722890019416809
480	0.09256112575531006	0.12373368442058563	0.37319090962409973
481	0.09281021356582642	0.12331132590770721	0.37474581599235535
482	0.09189144521951675	0.12321611493825912	0.37513619661331177
483	0.0912882462143898	0.12305284291505814	0.37573885917663574
484	0.09167614579200745	0.12301623821258545	0.37615475058555603
485	0.09283822774887085	0.12317753583192825	0.3767240345478058
486	0.09228406101465225	0.12344616651535034	0.37647128105163574
487	0.09256120026111603	0.12372081726789474	0.376132607460022
488	0.09121778607368469	0.12364119291305542	0.3768559694290161
489	0.0919068455696106	0.12343169003725052	0.3782863914966583
490	0.09120754897594452	0.12312490493059158	0.3801349699497223
491	0.09085934609174728	0.1229354590177536	0.380292147397995
492	0.09112639725208282	0.12297935783863068	0.37980085611343384
493	0.09224112331867218	0.12370051443576813	0.3771115243434906
494	0.09304995089769363	0.12418286502361298	0.3746004104614258
495	0.0897742435336113	0.1244027242064476	0.37267792224884033
496	0.09239562600851059	0.1245044469833374	0.3705484867095947
497	0.08998551219701767	0.12429475039243698	0.36856675148010254
498	0.0915030837059021	0.12387144565582275	0.36942464113235474
499	0.09351718425750732	0.12350524961948395	0.3706965744495392
500	0.09031320363283157	0.12330155074596405	0.37111860513687134
501	0.08960840851068497	0.12329452484846115	0.3712245523929596
502	0.09129631519317627	0.12356375902891159	0.3701837956905365
503	0.0903189405798912	0.12382819503545761	0.36957433819770813
504	0.09179061651229858	0.12387487292289734	0.36967933177948
505	0.09183450788259506	0.12373979389667511	0.3707825541496277
506	0.09142407774925232	0.12360481917858124	0.37208908796310425
507	0.09196066111326218	0.12352746725082397	0.37327122688293457
508	0.09002326428890228	0.1233658641576767	0.37487709522247314
509	0.0908096432685852	0.12333034723997116	0.37634435296058655
510	0.08959389477968216	0.12358935177326202	0.37617531418800354
511	0.09038898348808289	0.12375244498252869	0.3764660954475403
512	0.08974353224039078	0.1236639991402626	0.37703484296798706
513	0.09058794379234314	0.12341155856847763	0.3772849142551422
514	0.08998667448759079	0.12295474112033844	0.3773273825645447
515	0.0913630798459053	0.1229957789182663	0.3761470913887024
516	0.08981248736381531	0.1227312684059143	0.3765442669391632
517	0.09049518406391144	0.12255167961120605	0.37670692801475525
518	0.08896129578351974	0.12260610610246658	0.3759070634841919
519	0.08962218463420868	0.12271632254123688	0.37550655007362366
520	0.08981995284557343	0.12283838540315628	0.375312864780426
521	0.0899365246295929	0.1230672225356102	0.37490957975387573
522	0.08856625109910965	0.12352246046066284	0.3737817108631134
523	0.08882611244916916	0.12343387305736542	0.37425461411476135
524	0.08963560312986374	0.12301136553287506	0.3761710524559021
525	0.09041500091552734	0.12261082231998444	0.3777092397212982
526	0.0901683047413826	0.1225222647190094	0.37817585468292236
527	0.08889245986938477	0.12272327393293381	0.37807077169418335
528	0.08966236561536789	0.12313321977853775	0.3772493004798889
529	0.0897689163684845	0.12334270775318146	0.3770594298839569
530	0.08970127999782562	0.123322032392025	0.37699082493782043
531	0.08999425172805786	0.12290600687265396	0.3778899908065796
532	0.08898122608661652	0.12270649522542953	0.3774193823337555
533	0.08875769376754761	0.12245579063892365	0.3781071603298187
534	0.09015658497810364	0.12247875332832336	0.3789023160934448
535	0.08802492171525955	0.12289173901081085	0.3774551451206207
536	0.08898650854825974	0.12336777150630951	0.3759864866733551
537	0.0904460921883583	0.12312282621860504	0.3779616057872772
538	0.08882616460323334	0.12276836484670639	0.3793949484825134
539	0.0901341512799263	0.12227348983287811	0.38198184967041016
540	0.08866234123706818	0.12187642604112625	0.3842102289199829
541	0.08948618918657303	0.12171082198619843	0.38626161217689514
542	0.08858375996351242	0.12154199928045273	0.3867229223251343
543	0.09000607579946518	0.12170937657356262	0.3862207531929016
544	0.08886519819498062	0.12184800207614899	0.3867906332015991
545	0.09032024443149567	0.12154598534107208	0.3885331153869629
546	0.08880722522735596	0.12102647125720978	0.39113888144493103
547	0.08816607296466827	0.1205386221408844	0.39351189136505127
548	0.08824486285448074	0.1202009916305542	0.39501696825027466
549	0.08913035690784454	0.12031988799571991	0.39504989981651306
550	0.08903291076421738	0.12072723358869553	0.3943864703178406
551	0.08903773128986359	0.12170686572790146	0.3917972147464752
552	0.08954110741615295	0.12208738923072815	0.39035239815711975
553	0.08900495618581772	0.12179382890462875	0.3906996250152588
554	0.08879043161869049	0.12105420976877213	0.39222079515457153
555	0.08982095867395401	0.12049342691898346	0.39390894770622253
556	0.08751879632472992	0.12007499486207962	0.3957418203353882
557	0.0879940465092659	0.12016474455595016	0.39612075686454773
558	0.08807282149791718	0.12051783502101898	0.39604753255844116
559	0.0874357670545578	0.12108480930328369	0.39592981338500977
560	0.08750279992818832	0.12125026434659958	0.39510098099708557
561	0.08876429498195648	0.12137572467327118	0.3932647109031677
562	0.08831094205379486	0.12109485268592834	0.3940466046333313
563	0.08893360197544098	0.12110187113285065	0.3942236304283142
564	0.08864055573940277	0.12105730175971985	0.39344272017478943
565	0.08832237869501114	0.12070765346288681	0.39647647738456726
566	0.08715926855802536	0.1209050789475441	0.3963510990142822
567	0.08668844401836395	0.12145274132490158	0.39216428995132446
568	0.08696319162845612	0.12180370092391968	0.3922601640224457
569	0.0863545760512352	0.1215217337012291	0.3947920501232147
570	0.08781135827302933	0.1208849623799324	0.3971794545650482
571	0.08771014958620071	0.12067051231861115	0.39807814359664917
572	0.08776233345270157	0.12054115533828735	0.39889436960220337
573	0.08820700645446777	0.1205088198184967	0.398489385843277
574	0.088148333132267	0.1206137016415596	0.3966667950153351
575	0.08862654864788055	0.12120743095874786	0.39647188782691956
576	0.08678890019655228	0.12134882807731628	0.3950462341308594
577	0.08669385313987732	0.12118428200483322	0.39722514152526855
578	0.08737295866012573	0.12077353894710541	0.4007088243961334
579	0.08585074543952942	0.12052983045578003	0.401030957698822
580	0.08705095201730728	0.12072517722845078	0.3984963297843933
581	0.08718190342187881	0.12049480527639389	0.40331894159317017
582	0.08706066757440567	0.12130806595087051	0.3967704474925995
583	0.08735255151987076	0.12168062478303909	0.3969220221042633
584	0.08748891204595566	0.12195391207933426	0.3959919810295105
585	0.08736356347799301	0.12192835658788681	0.3997318148612976
586	0.08907955139875412	0.12153483182191849	0.4009035527706146
587	0.08651185035705566	0.12087074667215347	0.40178370475769043
588	0.08697955310344696	0.12071682512760162	0.40206804871559143
589	0.0865388736128807	0.12071705609560013	0.40240001678466797
590	0.08673834800720215	0.12121803313493729	0.4016158878803253
591	0.08669440448284149	0.12186916917562485	0.3993474543094635
592	0.08694307506084442	0.12224835157394409	0.39866870641708374
593	0.08658379316329956	0.12208618223667145	0.399409681558609
594	0.08755156397819519	0.1214715838432312	0.40044331550598145
595	0.08474121242761612	0.12085921317338943	0.40578216314315796
596	0.08815625309944153	0.12061522156000137	0.4098699688911438
597	0.08697681874036789	0.12070567160844803	0.4075733721256256
598	0.08723613619804382	0.12039154022932053	0.41416844725608826
599	0.08689072728157043	0.12103816121816635	0.41412875056266785
600	0.08678493648767471	0.1216624304652214	0.41416481137275696
601	0.08830957859754562	0.1214623674750328	0.4157140851020813
602	0.08746016025543213	0.12084285914897919	0.416709303855896
603	0.0880388468503952	0.12014621496200562	0.4174557328224182
604	0.08719031512737274	0.12001574039459229	0.41579940915107727
605	0.08846176415681839	0.11925799399614334	0.42846187949180603
606	0.08899896591901779	0.1203702986240387	0.419378399848938
607	0.08896160870790482	0.12162721157073975	0.40815630555152893
608	0.08916886150836945	0.12138146907091141	0.41121208667755127
609	0.08889132738113403	0.12139056622982025	0.41008856892585754
610	0.09026850014925003	0.12090301513671875	0.4107521176338196
611	0.08964015543460846	0.1203887090086937	0.4155414402484894
612	0.0895046666264534	0.11920657753944397	0.4326797127723694
613	0.09009284526109695	0.11921335011720657	0.4333955645561218
614	0.09104449301958084	0.11916892230510712	0.4332438111305237
615	0.08937269449234009	0.11967193335294724	0.4324217438697815
616	0.08902831375598907	0.11983022838830948	0.4318377673625946
617	0.0891839787364006	0.11932723969221115	0.43222808837890625
618	0.08898129314184189	0.1189206913113594	0.43231576681137085
619	0.08859401196241379	0.11863776296377182	0.43226173520088196
620	0.08799419552087784	0.11879273504018784	0.43019619584083557
621	0.08750827610492706	0.11930951476097107	0.42515069246292114
622	0.08730579912662506	0.11953635513782501	0.4232979118824005
623	0.08711187541484833	0.12000782787799835	0.4198766350746155
624	0.08702503144741058	0.12028416246175766	0.4175758361816406
625	0.08644511550664902	0.1207742765545845	0.4119541049003601
626	0.0886392593383789	0.12067227065563202	0.4095962345600128
627	0.0868104100227356	0.12090902775526047	0.4027487635612488
628	0.0863698273897171	0.1210467517375946	0.40159231424331665
629	0.08539249002933502	0.12100860476493835	0.4025994539260864
630	0.08643192797899246	0.1207239106297493	0.4041474461555481
631	0.08617519587278366	0.12078820914030075	0.40190088748931885
632	0.08659468591213226	0.12054517865180969	0.40268799662590027
633	0.08623640984296799	0.12069374322891235	0.40169110894203186
634	0.0856136903166771	0.12057789415121078	0.40266674757003784
635	0.0849156528711319	0.12044628709554672	0.4037710130214691
636	0.08567078411579132	0.12057047337293625	0.4045519530773163
637	0.08550141751766205	0.12085122615098953	0.40437570214271545
638	0.08540475368499756	0.1211458221077919	0.40308138728141785
639	0.08496823161840439	0.12114354968070984	0.4042680263519287
640	0.08525937050580978	0.12108827382326126	0.4047972559928894
641	0.08609794080257416	0.12061171233654022	0.4094386100769043
642	0.0862012729048729	0.12014269828796387	0.41234883666038513
643	0.08586065471172333	0.11990401893854141	0.41347256302833557
644	0.0851542130112648	0.11975409835577011	0.4150385558605194
645	0.08515600115060806	0.11953726410865784	0.4165906012058258
646	0.08516338467597961	0.11928385496139526	0.4184570908546448
647	0.0851532593369484	0.11934777349233627	0.4171940088272095
648	0.08384080976247787	0.11965163052082062	0.4169715344905853
649	0.08425259590148926	0.11988241225481033	0.415359228849411
650	0.08414585143327713	0.11991323530673981	0.41230928897857666
651	0.08436843752861023	0.11943423748016357	0.4139099717140198
652	0.08429370820522308	0.11922485381364822	0.4144478142261505
653	0.08364753425121307	0.11928275972604752	0.4139085114002228
654	0.08476182073354721	0.11931978911161423	0.4131862223148346
655	0.08439083397388458	0.11955995857715607	0.41012924909591675
656	0.08458775281906128	0.11965281516313553	0.40969815850257874
657	0.08396262675523758	0.11976366490125656	0.40831834077835083
658	0.08334292471408844	0.11996493488550186	0.40541762113571167
659	0.08346793055534363	0.11989831179380417	0.4067786931991577
660	0.08347281813621521	0.12005536258220673	0.4066304564476013
661	0.08445709198713303	0.11993169039487839	0.40868791937828064
662	0.08332972973585129	0.11978062242269516	0.4129018485546112
663	0.08449133485555649	0.11987467110157013	0.4130134880542755
664	0.08340896666049957	0.11987531185150146	0.41229483485221863
665	0.08238717168569565	0.11966878175735474	0.4130309522151947
666	0.08436178416013718	0.11960873007774353	0.4137687385082245
667	0.08329715579748154	0.1197260171175003	0.41281700134277344
668	0.0815029963850975	0.11993954330682755	0.4115660786628723
669	0.08384363353252411	0.11993377655744553	0.41153329610824585
670	0.08300416171550751	0.12005941569805145	0.4100285470485687
671	0.08312330394983292	0.11990469694137573	0.4108724594116211
672	0.08321849256753922	0.12005321681499481	0.4098266363143921
673	0.08238724619150162	0.11991790682077408	0.4107414484024048
674	0.08298572897911072	0.12002040445804596	0.4110061526298523
675	0.08411724865436554	0.12001962959766388	0.4121789038181305
676	0.08285711705684662	0.11997722089290619	0.41280293464660645
677	0.08309558033943176	0.11999273300170898	0.413041889667511
678	0.08375579863786697	0.12022963911294937	0.41184115409851074
679	0.08286845684051514	0.12018875032663345	0.41150805354118347
680	0.08357677608728409	0.1200832948088646	0.4117514193058014
681	0.08230175822973251	0.11980835348367691	0.4137961268424988
682	0.08266378939151764	0.1197098046541214	0.41308486461639404
683	0.08293405920267105	0.11971744149923325	0.413040429353714
684	0.0826089158654213	0.11981181055307388	0.4117521345615387
685	0.0822758823633194	0.11995197832584381	0.40976986289024353
686	0.0819629356265068	0.11997310072183609	0.41146278381347656
687	0.08266756683588028	0.12010776251554489	0.4124206602573395
688	0.08285044878721237	0.12000168859958649	0.4136788845062256
689	0.08142627775669098	0.11981238424777985	0.4124022424221039
690	0.0829179584980011	0.11944529414176941	0.4127500057220459
691	0.08094493299722672	0.11936816573143005	0.41169342398643494
692	0.08212655782699585	0.11942122876644135	0.40935245156288147
693	0.08143752068281174	0.11938998103141785	0.4094102680683136
694	0.08308564126491547	0.1195158064365387	0.40756189823150635
695	0.0816221833229065	0.11954879760742188	0.40718650817871094
696	0.082598015666008	0.11965750902891159	0.407118558883667
697	0.08139573782682419	0.11962268501520157	0.4084075689315796
698	0.08078278601169586	0.11956949532032013	0.4097900390625
699	0.08168704062700272	0.11952289193868637	0.41129007935523987
700	0.08241753280162811	0.11954617500305176	0.41247352957725525
701	0.08234170079231262	0.11967199295759201	0.41233253479003906
702	0.08108676970005035	0.1197960376739502	0.41180455684661865
703	0.08236893266439438	0.11992894113063812	0.41090747714042664
704	0.0814063772559166	0.11974897235631943	0.4114713668823242
705	0.08315523713827133	0.1194770336151123	0.41307705640792847
706	0.08101696521043777	0.1192433163523674	0.41501379013061523
707	0.08110412955284119	0.11914405226707458	0.41641801595687866
708	0.08186443895101547	0.11913415789604187	0.41776561737060547
709	0.0817689448595047	0.11924111843109131	0.41887137293815613
710	0.08276854455471039	0.1192694902420044	0.4198979139328003
711	0.08048030734062195	0.11905321478843689	0.42165127396583557
712	0.08169553428888321	0.1188453882932663	0.4230792820453644
713	0.0811743289232254	0.11881399154663086	0.4234727621078491
714	0.08179936558008194	0.11886756122112274	0.42323124408721924
715	0.08115323632955551	0.11900115758180618	0.42253267765045166
716	0.08077848702669144	0.11919596046209335	0.42032405734062195
717	0.07992017269134521	0.11941146105527878	0.4175414443016052
718	0.08050548285245895	0.1193903237581253	0.4158983826637268
719	0.0815901830792427	0.11923395842313766	0.4155568480491638
720	0.08094306290149689	0.11902037262916565	0.41587555408477783
721	0.08077255636453629	0.11912574619054794	0.4151262044906616
722	0.0803944393992424	0.11941678822040558	0.4135514795780182
723	0.08207153528928757	0.11977934092283249	0.4124569594860077
724	0.08045824617147446	0.12006557732820511	0.4115174114704132
725	0.0801759660243988	0.12006867676973343	0.4117916226387024
726	0.08099435269832611	0.11993443220853806	0.41249245405197144
727	0.08006766438484192	0.11967390775680542	0.4136086404323578
728	0.08082669228315353	0.11943967640399933	0.4139239192008972
729	0.08082515001296997	0.11930493265390396	0.4132688641548157
730	0.08020691573619843	0.11929770559072495	0.4117561876773834
731	0.07995279878377914	0.11954796314239502	0.40906959772109985
732	0.08000490069389343	0.11953327804803848	0.4090496897697449
733	0.08034626394510269	0.11917170882225037	0.41110458970069885
734	0.08070788532495499	0.11878550052642822	0.4145139455795288
735	0.07900480926036835	0.11857202649116516	0.41724494099617004
736	0.08047265559434891	0.11859665811061859	0.4179822504520416
737	0.07969305664300919	0.1188524141907692	0.4175238311290741
738	0.07881997525691986	0.11930523067712784	0.41613683104515076
739	0.08006638288497925	0.11968927085399628	0.41534993052482605
740	0.08051342517137527	0.11970522254705429	0.4150315821170807
741	0.07979092746973038	0.1194998025894165	0.4147287905216217
742	0.0792590007185936	0.11925776302814484	0.41490694880485535
743	0.0795251652598381	0.11903391778469086	0.41564956307411194
744	0.07962717115879059	0.11878588050603867	0.4168604910373688
745	0.07893818616867065	0.11856203526258469	0.418029248714447
746	0.07870456576347351	0.11856136471033096	0.4180523455142975
747	0.08097261190414429	0.11865894496440887	0.41763824224472046
748	0.08021780848503113	0.11863650381565094	0.4184485375881195
749	0.07765386998653412	0.11854079365730286	0.41932642459869385
750	0.07869525253772736	0.11847467720508575	0.4204483926296234
751	0.07974908500909805	0.1184733510017395	0.42147719860076904
752	0.07867491245269775	0.11856084316968918	0.4221745431423187
753	0.0776248350739479	0.11867503821849823	0.42249467968940735
754	0.07867102324962616	0.11853840202093124	0.42359229922294617
755	0.07971668243408203	0.1183791384100914	0.42420849204063416
756	0.07716577500104904	0.11833026260137558	0.4238506257534027
757	0.07918772846460342	0.11833814531564713	0.4227064549922943
758	0.07976753264665604	0.11837323009967804	0.4216668903827667
759	0.07871945947408676	0.11839677393436432	0.4210439622402191
760	0.07892464846372604	0.11831025034189224	0.4216172993183136
761	0.07892461121082306	0.11864448338747025	0.42016109824180603
762	0.07882755994796753	0.11900123953819275	0.41903480887413025
763	0.07946348935365677	0.11910891532897949	0.4182519316673279
764	0.07826398313045502	0.11901538819074631	0.41815921664237976
765	0.07841549813747406	0.11893749982118607	0.4185704290866852
766	0.07824039459228516	0.11877067387104034	0.4192647337913513
767	0.07732580602169037	0.11860663443803787	0.4200649857521057
768	0.07909198850393295	0.11859261989593506	0.4201785624027252
769	0.0779188945889473	0.11872386932373047	0.41982099413871765
770	0.0799834355711937	0.11919104307889938	0.41894638538360596
771	0.07928263396024704	0.11953331530094147	0.41837409138679504
772	0.07882244884967804	0.11912330985069275	0.4205460846424103
773	0.07836850732564926	0.11833041906356812	0.4240957796573639
774	0.07785676419734955	0.11787626892328262	0.4265362322330475
775	0.07850254327058792	0.11764276027679443	0.42826759815216064
776	0.07922828942537308	0.11803343892097473	0.4269678294658661
777	0.07883524149656296	0.11861701309680939	0.42435774207115173
778	0.07756675779819489	0.11910368502140045	0.42267924547195435
779	0.07680490612983704	0.11906926333904266	0.42199191451072693
780	0.0775686725974083	0.11846145987510681	0.42329227924346924
781	0.07877989858388901	0.1178634911775589	0.4247031509876251
782	0.0785955935716629	0.11766859143972397	0.4246969223022461
783	0.07767926156520844	0.1177193894982338	0.42437753081321716
784	0.07880974560976028	0.1177847608923912	0.42297279834747314
785	0.07787739485502243	0.1180783286690712	0.4210416078567505
786	0.07799936830997467	0.11855589598417282	0.4190342128276825
787	0.07832454890012741	0.11867668479681015	0.41875168681144714
788	0.07850649207830429	0.11852254718542099	0.4196165204048157
789	0.07675351202487946	0.11827918142080307	0.4208541214466095
790	0.07731038331985474	0.11824427545070648	0.42086678743362427
791	0.0781509056687355	0.11839572340250015	0.4198818504810333
792	0.0770818293094635	0.11868437379598618	0.41779062151908875
793	0.07696196436882019	0.11898425221443176	0.41552066802978516
794	0.07536093145608902	0.11917097866535187	0.4135061204433441
795	0.07708451896905899	0.11922375857830048	0.4129418432712555
796	0.07733384519815445	0.11914744228124619	0.41328340768814087
797	0.07684288173913956	0.11899585276842117	0.41449931263923645
798	0.0767732560634613	0.11876164376735687	0.4157011806964874
799	0.07678956538438797	0.11868932843208313	0.4159371256828308
800	0.0766071304678917	0.11884614080190659	0.41544052958488464
801	0.07644771784543991	0.11945535242557526	0.4142644703388214
802	0.07681514322757721	0.11966866999864578	0.41379261016845703
803	0.07655379176139832	0.11954344809055328	0.4139940142631531
804	0.07630477100610733	0.11885999143123627	0.41560977697372437
805	0.07698209583759308	0.11839641630649567	0.4171263873577118
806	0.07716972380876541	0.11816637963056564	0.4178384244441986
807	0.07787618786096573	0.1182422935962677	0.41738852858543396
808	0.07655850797891617	0.11868496239185333	0.4141649603843689
809	0.0768079161643982	0.11904735863208771	0.41348183155059814
810	0.07647442817687988	0.11948040872812271	0.4113367795944214
811	0.07659971714019775	0.11938149482011795	0.4120062589645386
812	0.07624984532594681	0.11888212710618973	0.4144027531147003
813	0.07697959244251251	0.11837206035852432	0.41691678762435913
814	0.07597382366657257	0.11791227757930756	0.42059963941574097
815	0.07668915390968323	0.11794473975896835	0.4200960099697113
816	0.07609882950782776	0.11827247589826584	0.4183124303817749
817	0.07641047984361649	0.11868856847286224	0.41661667823791504
818	0.07569155842065811	0.11875215917825699	0.416526734828949
819	0.0761970803141594	0.11859133839607239	0.41756489872932434
820	0.07517045736312866	0.1184597834944725	0.41830530762672424
821	0.07471810281276703	0.11839640140533447	0.4184296727180481
822	0.07670855522155762	0.11841248720884323	0.41831284761428833
823	0.076463982462883	0.11852949112653732	0.4174444079399109
824	0.07577382773160934	0.11859118193387985	0.4162236750125885
825	0.07582570612430573	0.11861880123615265	0.4152038097381592
826	0.07640694826841354	0.11855193972587585	0.41401708126068115
827	0.07532879710197449	0.11857292056083679	0.4127114713191986
828	0.07623779773712158	0.11869868636131287	0.41140225529670715
829	0.07661242038011551	0.11876837909221649	0.4120069742202759
830	0.07614333927631378	0.11865424364805222	0.41375064849853516
831	0.07555289566516876	0.11863964051008224	0.41352149844169617
832	0.0750119537115097	0.11878955364227295	0.4134737551212311
833	0.07597117871046066	0.11907375603914261	0.41244468092918396
834	0.07570764422416687	0.1193285584449768	0.41141417622566223
835	0.0745631530880928	0.11947564035654068	0.41043686866760254
836	0.07603242248296738	0.11944090574979782	0.41060981154441833
837	0.07434845715761185	0.11934904009103775	0.4094087779521942
838	0.07416455447673798	0.11932452023029327	0.4083309471607208
839	0.07576954364776611	0.11909154802560806	0.4089965224266052
840	0.07611455023288727	0.11894170939922333	0.4090206027030945
841	0.07628409564495087	0.11894678324460983	0.40733882784843445
842	0.0758373960852623	0.11889000236988068	0.4079996943473816
843	0.07544251531362534	0.11901490390300751	0.4082847237586975
844	0.0749364048242569	0.11870038509368896	0.4108670651912689
845	0.0743342712521553	0.11858051270246506	0.41246750950813293
846	0.07547872513532639	0.1184602826833725	0.41359764337539673
847	0.07482723891735077	0.11850828677415848	0.41422730684280396
848	0.07521871477365494	0.11860788613557816	0.414347380399704
849	0.07644478231668472	0.1187126636505127	0.4142611026763916
850	0.07590030878782272	0.11869977414608002	0.4140348732471466
851	0.07512208074331284	0.11859491467475891	0.413882851600647
852	0.07401612401008606	0.11855122447013855	0.4139636754989624
853	0.07492618262767792	0.11857880651950836	0.41268885135650635
854	0.07465935498476028	0.11867035925388336	0.41187289357185364
855	0.07536635547876358	0.11895369738340378	0.4109916388988495
856	0.07528053224086761	0.11905650049448013	0.4112769365310669
857	0.07426097989082336	0.1189216822385788	0.41260844469070435
858	0.07475532591342926	0.11879131942987442	0.414532870054245
859	0.07449183613061905	0.11886858195066452	0.4148414433002472
860	0.07431560009717941	0.11899985373020172	0.41427916288375854
861	0.07461224496364594	0.11904925853013992	0.41405585408210754
862	0.07437723875045776	0.11900552362203598	0.4140987694263458
863	0.07475057244300842	0.11890360713005066	0.4138820171356201
864	0.07503306865692139	0.11863696575164795	0.41433650255203247
865	0.07407207041978836	0.11841504275798798	0.41528964042663574
866	0.07480190694332123	0.11883547902107239	0.41093024611473083
867	0.07398562133312225	0.11892315000295639	0.4100615978240967
868	0.07407888025045395	0.11851401627063751	0.4155939817428589
869	0.07402439415454865	0.11851845681667328	0.4163375794887543
870	0.07502575218677521	0.11855340003967285	0.4167201817035675
871	0.07344356924295425	0.11868133395910263	0.4164511561393738
872	0.0742577612400055	0.11859820783138275	0.4161674976348877
873	0.07363995909690857	0.11856236308813095	0.4157540798187256
874	0.07496163994073868	0.11850222945213318	0.41541552543640137
875	0.07327477633953094	0.11849837005138397	0.41500523686408997
876	0.07345859706401825	0.11857552826404572	0.41443997621536255
877	0.07374881953001022	0.11881847679615021	0.4134846329689026
878	0.0729050412774086	0.11912776529788971	0.4115939140319824
879	0.0736335963010788	0.1194189190864563	0.4098583459854126
880	0.07345174998044968	0.1196165680885315	0.40933459997177124
881	0.07215283066034317	0.11962776631116867	0.4099408984184265
882	0.07334285229444504	0.11948482692241669	0.4105584919452667
883	0.07557399570941925	0.11938615143299103	0.41090473532676697
884	0.07332894951105118	0.11934784799814224	0.41064339876174927
885	0.07304788380861282	0.119036465883255	0.411940336227417
886	0.07273522019386292	0.11883863061666489	0.41250771284103394
887	0.0734257623553276	0.11872407793998718	0.41254499554634094
888	0.07418406754732132	0.11882597953081131	0.4118906855583191
889	0.07479459792375565	0.11883057653903961	0.4115045368671417
890	0.07238233089447021	0.11876354366540909	0.4110986590385437
891	0.07380355894565582	0.1186995729804039	0.41064080595970154
892	0.07294907420873642	0.11872776597738266	0.4097641408443451
893	0.07308407127857208	0.11884677410125732	0.4088350832462311
894	0.07412341237068176	0.11894338577985764	0.4084486663341522
895	0.07372209429740906	0.11895892769098282	0.4083500802516937
896	0.07278770953416824	0.1187843382358551	0.4094366729259491
897	0.07319917529821396	0.1185646504163742	0.4106239080429077
898	0.07193820178508759	0.1183943822979927	0.41239693760871887
899	0.07377705723047256	0.11831048876047134	0.41411828994750977
900	0.07158733904361725	0.1182667538523674	0.41563788056373596
901	0.0724138468503952	0.11844538152217865	0.416778028011322
902	0.07173651456832886	0.11870136857032776	0.41735368967056274
903	0.07325582206249237	0.1186346486210823	0.4179920256137848
904	0.0732545331120491	0.11836656928062439	0.418419748544693
905	0.07231493294239044	0.11828314512968063	0.418940931558609
906	0.0722489207983017	0.11838075518608093	0.4184848964214325
907	0.0730319619178772	0.11834666132926941	0.41812512278556824
908	0.07306715101003647	0.11817003041505814	0.4181743562221527
909	0.0729462280869484	0.1181698814034462	0.4179989695549011
910	0.07159531861543655	0.11811245232820511	0.41762620210647583
911	0.07203497737646103	0.11802749335765839	0.4173198640346527
912	0.07181915640830994	0.11819413304328918	0.4159831702709198
913	0.07254952937364578	0.11824028939008713	0.41570520401000977
914	0.071656234562397	0.1182430312037468	0.4159766733646393
915	0.07173573225736618	0.11815045773983002	0.41710060834884644
916	0.07158645987510681	0.1183721050620079	0.4170834422111511
917	0.07259509712457657	0.1184750348329544	0.41685548424720764
918	0.07272358238697052	0.11868749558925629	0.4157581031322479
919	0.07175330817699432	0.11886971443891525	0.41449475288391113
920	0.07207881659269333	0.1189957931637764	0.41316401958465576
921	0.0714932233095169	0.11893317848443985	0.4125185012817383
922	0.07323060929775238	0.11883966624736786	0.4115312099456787
923	0.07079672068357468	0.11895876377820969	0.4098876416683197
924	0.0729273334145546	0.11908699572086334	0.4086611866950989
925	0.0723387598991394	0.1192668005824089	0.4078003168106079
926	0.07221359014511108	0.11954943090677261	0.4064028561115265
927	0.07221917062997818	0.11972293257713318	0.40609288215637207
928	0.07192153483629227	0.1197708249092102	0.40571853518486023
929	0.07267773896455765	0.11967576295137405	0.4063376784324646
930	0.0733557865023613	0.11943619698286057	0.40725114941596985
931	0.0725543424487114	0.11920629441738129	0.40791451930999756
932	0.07238425314426422	0.11921602487564087	0.40779149532318115
933	0.07181966304779053	0.11922973394393921	0.408048540353775
934	0.07287256419658661	0.11915703117847443	0.40909284353256226
935	0.07226908206939697	0.11901606619358063	0.41153961420059204
936	0.07273595780134201	0.1188327968120575	0.4142763912677765
937	0.07191171497106552	0.11860102415084839	0.41670647263526917
938	0.07238566875457764	0.11837705224752426	0.41783255338668823
939	0.07166960090398788	0.1182311400771141	0.4183378517627716
940	0.07004085928201675	0.11883624643087387	0.41635507345199585
941	0.07164057344198227	0.11927540600299835	0.415456622838974
942	0.07158078253269196	0.11913983523845673	0.41545918583869934
943	0.07108867168426514	0.11872582137584686	0.41668492555618286
944	0.06968629360198975	0.11810075491666794	0.41888001561164856
945	0.07076329737901688	0.11804010719060898	0.4194926917552948
946	0.07124987244606018	0.11832407861948013	0.41848617792129517
947	0.07101750373840332	0.11890801042318344	0.4163583517074585
948	0.07101766765117645	0.11931440979242325	0.4151206314563751
949	0.06962349265813828	0.11910293996334076	0.4157775044441223
950	0.07116187363862991	0.11871864646673203	0.4169200658798218
951	0.07028839737176895	0.11842066794633865	0.4176463484764099
952	0.07162044942378998	0.11831029504537582	0.4179176092147827
953	0.0714426189661026	0.1184057742357254	0.41739964485168457
954	0.07016414403915405	0.11852733045816422	0.41702958941459656
955	0.07076482474803925	0.11845073103904724	0.41685688495635986
956	0.07166855037212372	0.1183181032538414	0.4171350598335266
957	0.07059849053621292	0.1183929294347763	0.41667473316192627
958	0.07221554964780807	0.11833743751049042	0.4167276918888092
959	0.07144024223089218	0.11827719956636429	0.41798165440559387
960	0.07071185111999512	0.1179734542965889	0.4203256368637085
961	0.07078564912080765	0.11790833622217178	0.4212912917137146
962	0.07052449882030487	0.11811868846416473	0.42115139961242676
963	0.07239517569541931	0.11870371550321579	0.4188570976257324
964	0.07110677659511566	0.11925747245550156	0.4162292182445526
965	0.0707966536283493	0.11933986842632294	0.41429632902145386
966	0.0703970342874527	0.11899586021900177	0.41366899013519287
967	0.06975104659795761	0.11858529597520828	0.4140579402446747
968	0.07056303322315216	0.11847677081823349	0.41369950771331787
969	0.07037302851676941	0.11848582327365875	0.41306352615356445
970	0.07023106515407562	0.11859527975320816	0.41203033924102783
971	0.06973674893379211	0.11885902285575867	0.41055214405059814
972	0.0700661838054657	0.11889556050300598	0.4101986289024353
973	0.07108072191476822	0.11871062964200974	0.41076362133026123
974	0.07015576213598251	0.11838588863611221	0.4120089113712311
975	0.07010803371667862	0.11828448623418808	0.4118662476539612
976	0.07027840614318848	0.11835832893848419	0.4109257757663727
977	0.07059130817651749	0.11862064898014069	0.4104277789592743
978	0.07040758430957794	0.11885334551334381	0.4103536903858185
979	0.07108133286237717	0.11866215616464615	0.4125225245952606
980	0.06959159672260284	0.1181708499789238	0.41610875725746155
981	0.07047636061906815	0.11793290078639984	0.4179811179637909
982	0.07086177915334702	0.11795073002576828	0.4185844957828522
983	0.07004517316818237	0.11832847446203232	0.41788387298583984
984	0.07033123821020126	0.11863512545824051	0.41654202342033386
985	0.06971757113933563	0.11835449188947678	0.4168153405189514
986	0.07010695338249207	0.11783818155527115	0.41739457845687866
987	0.0689159408211708	0.11748787760734558	0.41795751452445984
988	0.06980884820222855	0.11758437007665634	0.41753003001213074
989	0.07041372358798981	0.11789236217737198	0.41631820797920227
990	0.07007739692926407	0.11803889274597168	0.41610392928123474
991	0.07008889317512512	0.11825922876596451	0.415713906288147
992	0.07033342123031616	0.11847884953022003	0.4152602255344391
993	0.07039292901754379	0.11857724189758301	0.41520681977272034
994	0.06955772638320923	0.1187068298459053	0.41530460119247437
995	0.07109986990690231	0.11894263327121735	0.4150823950767517
996	0.0695166364312172	0.11889979243278503	0.4154542088508606
997	0.06888557225465775	0.11846320331096649	0.4167679250240326
998	0.06959269195795059	0.11825018376111984	0.417291522026062
999	0.06914625316858292	0.11817820370197296	0.4179005026817322
1000	0.06943090260028839	0.11818293482065201	0.41829195618629456
1001	0.07095561921596527	0.1180856004357338	0.419578492641449
1002	0.0695139691233635	0.11794495582580566	0.42133235931396484
1003	0.06875410676002502	0.11779012531042099	0.4230605959892273
1004	0.0698675885796547	0.11764977127313614	0.4243084490299225
1005	0.06962700188159943	0.11758872121572495	0.42454221844673157
1006	0.06918060034513474	0.11777658015489578	0.42408958077430725
1007	0.06921737641096115	0.1181124746799469	0.42269861698150635
1008	0.07063663750886917	0.1185571625828743	0.41988784074783325
1009	0.06902860850095749	0.11877463757991791	0.41720688343048096
1010	0.06874880194664001	0.11867520213127136	0.41594699025154114
1011	0.07041234523057938	0.11840780079364777	0.4155983328819275
1012	0.06882122904062271	0.11809329688549042	0.41546592116355896
1013	0.06860972940921783	0.11821834743022919	0.41538503766059875
1014	0.07003029435873032	0.11828635632991791	0.41351407766342163
1015	0.06904684007167816	0.1190447062253952	0.4106605052947998
1016	0.06888804584741592	0.11937776207923889	0.4096103608608246
1017	0.06984821707010269	0.11914470791816711	0.41123855113983154
1018	0.06868655234575272	0.11859138309955597	0.4136076867580414
1019	0.06879857182502747	0.11827140301465988	0.41567370295524597
1020	0.06823607534170151	0.1181529089808464	0.416705459356308
1021	0.06903883069753647	0.11823363602161407	0.4172319173812866
1022	0.06762547045946121	0.1187034472823143	0.4158403277397156
1023	0.06913509964942932	0.11917954683303833	0.4146692454814911
1024	0.0682363286614418	0.11913982033729553	0.4145791530609131
1025	0.06923643499612808	0.11875303834676743	0.41511595249176025
1026	0.0687575414776802	0.11835820972919464	0.4158976674079895
1027	0.06839730590581894	0.11814920604228973	0.41686949133872986
1028	0.06872331351041794	0.11837062239646912	0.4159872531890869
1029	0.06788533180952072	0.1188625916838646	0.41492733359336853
1030	0.06864534318447113	0.11957663297653198	0.41287827491760254
1031	0.06918352842330933	0.11977924406528473	0.41161787509918213
1032	0.06920156627893448	0.11960981786251068	0.41153883934020996
1033	0.0678333267569542	0.11897929012775421	0.4139336347579956
1034	0.06787166744470596	0.11836396902799606	0.4172343909740448
1035	0.06844282895326614	0.11825607717037201	0.4185448884963989
1036	0.0686790868639946	0.11818749457597733	0.4199024438858032
1037	0.06871189177036285	0.11840604990720749	0.41992947459220886
1038	0.06832103431224823	0.11884064972400665	0.4189206063747406
1039	0.06841903924942017	0.11927175521850586	0.4176984131336212
1040	0.06638726592063904	0.11923611909151077	0.4175111949443817
1041	0.06772148609161377	0.11881653964519501	0.4179456830024719
1042	0.06678078323602676	0.11820197850465775	0.4192885756492615
1043	0.06763385236263275	0.11803487688302994	0.41923490166664124
1044	0.068136066198349	0.11808638274669647	0.4186646342277527
1045	0.06706526130437851	0.11820273101329803	0.4177285432815552
1046	0.06750146299600601	0.11833842098712921	0.41691213846206665
1047	0.06770753115415573	0.11849165707826614	0.4147796332836151
1048	0.0670371800661087	0.1183229461312294	0.4145527780056
1049	0.0681498721241951	0.11811161041259766	0.41453200578689575
1050	0.06757842749357224	0.11799082905054092	0.4139200747013092
1051	0.06790909171104431	0.11805680394172668	0.4123585522174835
1052	0.06909545511007309	0.11827431619167328	0.4113449454307556
1053	0.06698078662157059	0.11865565180778503	0.4102230370044708
1054	0.06706351786851883	0.11857687681913376	0.41135653853416443
1055	0.06762775033712387	0.11837372928857803	0.4133054316043854
1056	0.06719355285167694	0.11823689192533493	0.41526246070861816
1057	0.06662721931934357	0.11819883435964584	0.41716867685317993
1058	0.06814303994178772	0.1184580996632576	0.4164406657218933
1059	0.06661462783813477	0.11836856603622437	0.4168114960193634
1060	0.06734862178564072	0.11857320368289948	0.41617706418037415
1061	0.06675302982330322	0.1190311536192894	0.4141886830329895
1062	0.06718947738409042	0.1193862333893776	0.41300690174102783
1063	0.06702079623937607	0.11938303709030151	0.4121031165122986
1064	0.06810884177684784	0.11860322207212448	0.41586869955062866
1065	0.06679487973451614	0.11817427724599838	0.4173635244369507
1066	0.06771543622016907	0.11800935864448547	0.418491393327713
1067	0.06836361438035965	0.1180291548371315	0.41879671812057495
1068	0.06790125370025635	0.11809827387332916	0.41865742206573486
1069	0.06792709976434708	0.11815463751554489	0.41806870698928833
1070	0.06720470637083054	0.11829580366611481	0.41727256774902344
1071	0.06692767143249512	0.11841203272342682	0.4162254333496094
1072	0.0661461129784584	0.11887700855731964	0.41316065192222595
1073	0.06828141212463379	0.11874887347221375	0.41419652104377747
1074	0.06729311496019363	0.11836835741996765	0.41720736026763916
1075	0.06719005852937698	0.1182512640953064	0.42122209072113037
1076	0.06748313456773758	0.11823056638240814	0.4206223487854004
1077	0.06752358376979828	0.11828776448965073	0.41992834210395813
1078	0.06754836440086365	0.11849654465913773	0.418958455324173
1079	0.06774642318487167	0.11830921471118927	0.420514315366745
1080	0.06775396317243576	0.11834575980901718	0.4204246997833252
1081	0.06765348464250565	0.11838920414447784	0.42101940512657166
1082	0.06828568130731583	0.1183599904179573	0.42033451795578003
1083	0.06760949641466141	0.11832796782255173	0.41960352659225464
1084	0.0672362670302391	0.11838804930448532	0.4172986149787903
1085	0.06738349795341492	0.11823266744613647	0.41673368215560913
1086	0.06618306785821915	0.11817722022533417	0.4170631170272827
1087	0.0685012936592102	0.1180071085691452	0.41910114884376526
1088	0.06704816222190857	0.11800945550203323	0.4198884963989258
1089	0.06595326215028763	0.11798219382762909	0.4213277995586395
1090	0.0674121305346489	0.11802804470062256	0.4215240776538849
1091	0.06716161221265793	0.11801422387361526	0.42169272899627686
1092	0.06608007103204727	0.11799883097410202	0.4220740795135498
1093	0.0679655373096466	0.11805694550275803	0.42146316170692444
1094	0.06627046316862106	0.11802426725625992	0.42039188742637634
1095	0.06725630909204483	0.11804395169019699	0.41867339611053467
1096	0.06644166260957718	0.11821389943361282	0.4161578416824341
1097	0.06679727137088776	0.11856012046337128	0.4146483540534973
1098	0.06591387093067169	0.11858063191175461	0.41352760791778564
1099	0.06661560386419296	0.1185460239648819	0.41291582584381104
1100	0.06624975055456161	0.11863619089126587	0.4122258424758911
1101	0.0668429583311081	0.11842863261699677	0.4130091667175293
1102	0.06665301322937012	0.11829080432653427	0.41402363777160645
1103	0.06641924381256104	0.11825359612703323	0.41489747166633606
1104	0.06656625121831894	0.11834193766117096	0.4149608910083771
1105	0.06604059040546417	0.1180930957198143	0.4169529676437378
1106	0.06669539958238602	0.11818727105855942	0.4177185297012329
1107	0.06674303114414215	0.11890659481287003	0.4158363342285156
1108	0.06724133342504501	0.11891762167215347	0.4170234501361847
1109	0.06640024483203888	0.1186349019408226	0.41787055134773254
1110	0.06629198789596558	0.11865371465682983	0.4202346205711365
1111	0.06624891608953476	0.11847522854804993	0.42162370681762695
1112	0.06656622141599655	0.11842984706163406	0.42162126302719116
1113	0.06645359843969345	0.11831003427505493	0.4220432937145233
1114	0.06602347642183304	0.1181352511048317	0.42180195450782776
1115	0.06675171107053757	0.11806116253137589	0.42198699712753296
1116	0.0661541000008583	0.11811833083629608	0.4211918115615845
1117	0.06551942974328995	0.11824418604373932	0.4209849238395691
1118	0.06477750092744827	0.11861364543437958	0.418530136346817
1119	0.06476451456546783	0.11857711523771286	0.41651394963264465
1120	0.06784795224666595	0.11847028881311417	0.415327250957489
1121	0.06492231786251068	0.11856446415185928	0.41353896260261536
1122	0.06617069244384766	0.1184806302189827	0.4133695065975189
1123	0.0667034387588501	0.11866024881601334	0.41182079911231995
1124	0.06571322679519653	0.11866331845521927	0.4118822515010834
1125	0.0654146745800972	0.11870838701725006	0.41230159997940063
1126	0.06527147442102432	0.1186840683221817	0.41297948360443115
1127	0.06499798595905304	0.11864708364009857	0.41329890489578247
1128	0.0649394616484642	0.11847397685050964	0.4143684506416321
1129	0.06584597378969193	0.11845116317272186	0.4149954617023468
1130	0.06697957962751389	0.11825621873140335	0.4168210029602051
1131	0.06528034061193466	0.11820943653583527	0.4187346398830414
1132	0.06611919403076172	0.11781111359596252	0.42136895656585693
1133	0.06637134402990341	0.11765404790639877	0.4237707257270813
1134	0.06606292724609375	0.11761650443077087	0.4253147840499878
1135	0.06477818638086319	0.1175604835152626	0.42675602436065674
1136	0.06478901952505112	0.11751952022314072	0.42799103260040283
1137	0.0651431754231453	0.11744445562362671	0.42863935232162476
1138	0.06627494841814041	0.11748335510492325	0.4280920922756195
1139	0.06640386581420898	0.11765886098146439	0.42575809359550476
1140	0.06575512140989304	0.11770295351743698	0.4243336617946625
1141	0.06457651406526566	0.11756514012813568	0.4243096709251404
1142	0.06639967858791351	0.11739671975374222	0.42577043175697327
1143	0.06504391133785248	0.11738427728414536	0.4266805052757263
1144	0.06504105776548386	0.11738534271717072	0.4265034794807434
1145	0.06533648073673248	0.11777150630950928	0.424880713224411
1146	0.06458701193332672	0.1182219386100769	0.4233652353286743
1147	0.06490633636713028	0.11797592043876648	0.4233587086200714
1148	0.06567126512527466	0.11763757467269897	0.4228364825248718
1149	0.06408726423978806	0.11742424964904785	0.42258504033088684
1150	0.06509135663509369	0.11738518625497818	0.42218759655952454
1151	0.06618548184633255	0.11739245802164078	0.42138946056365967
1152	0.06524708122015	0.11789428442716599	0.4168150722980499
1153	0.06410640478134155	0.11839061975479126	0.41516101360321045
1154	0.06471056491136551	0.11866328120231628	0.41450235247612
1155	0.0658084973692894	0.11840119957923889	0.41625329852104187
1156	0.06486613303422928	0.11819861829280853	0.4168338179588318
1157	0.06412678956985474	0.11823111772537231	0.41652581095695496
1158	0.06555971503257751	0.1181882992386818	0.4178362786769867
1159	0.0652807205915451	0.11828527599573135	0.41801726818084717
1160	0.0649416372179985	0.11830298602581024	0.41807061433792114
1161	0.06342872977256775	0.11841624975204468	0.41624316573143005
1162	0.06547889858484268	0.11864218860864639	0.4167201519012451
1163	0.06528336554765701	0.11889524012804031	0.41659656167030334
1164	0.06503590196371078	0.11868907511234283	0.41743430495262146
1165	0.06509163975715637	0.11819816380739212	0.4196975827217102
1166	0.06424961984157562	0.11798133701086044	0.4213066101074219
1167	0.06453585624694824	0.11788057535886765	0.4218398630619049
1168	0.06434044241905212	0.1178460493683815	0.4214216470718384
1169	0.06461736559867859	0.11803781241178513	0.42024803161621094
1170	0.06437741965055466	0.11825402826070786	0.4192403554916382
1171	0.0645819678902626	0.11798496544361115	0.4198269248008728
1172	0.06448746472597122	0.1176302433013916	0.4210717976093292
1173	0.06395480781793594	0.11763231456279755	0.42104801535606384
1174	0.06427575647830963	0.11765072494745255	0.4211122989654541
1175	0.06407780945301056	0.11769908666610718	0.4203041195869446
1176	0.06376109272241592	0.11787983030080795	0.4199276566505432
1177	0.06359562277793884	0.11808525025844574	0.4200449585914612
1178	0.06582586467266083	0.11804856359958649	0.4212729036808014
1179	0.064882293343544	0.11787685006856918	0.4222809672355652
1180	0.06532638520002365	0.11792381852865219	0.4237506091594696
1181	0.06437958776950836	0.11815106868743896	0.42413613200187683
1182	0.06411488354206085	0.11824190616607666	0.4231322407722473
1183	0.06398545950651169	0.11830484122037888	0.42223840951919556
1184	0.06394787132740021	0.11847633868455887	0.4217253029346466
1185	0.06330376863479614	0.11868686228990555	0.4209141135215759
1186	0.0640818402171135	0.1186797022819519	0.4202864468097687
1187	0.06367623060941696	0.11851766705513	0.419990211725235
1188	0.06415849179029465	0.11855887621641159	0.4194582402706146
1189	0.0642639622092247	0.11869598925113678	0.4196273982524872
1190	0.0632983148097992	0.11878602206707001	0.41870757937431335
1191	0.06365379691123962	0.11874471604824066	0.41667458415031433
1192	0.06536459922790527	0.11880055069923401	0.41588836908340454
1193	0.06463665515184402	0.11867688596248627	0.41694360971450806
1194	0.06337080895900726	0.11858954280614853	0.4189763069152832
1195	0.062367767095565796	0.11853654682636261	0.42073848843574524
1196	0.06387512385845184	0.11858801543712616	0.4217887222766876
1197	0.06437316536903381	0.11861181259155273	0.42193469405174255
1198	0.06435935199260712	0.11857723444700241	0.42200183868408203
1199	0.06298524141311646	0.11860116571187973	0.42113104462623596
1200	0.06356942653656006	0.11842721700668335	0.421104371547699
1201	0.06378908455371857	0.11817041039466858	0.4222699701786041
1202	0.06419290602207184	0.11803590506315231	0.4231773316860199
1203	0.06306276470422745	0.11793467402458191	0.42367076873779297
1204	0.06372853368520737	0.11798764020204544	0.42337483167648315
1205	0.0630078911781311	0.11808469146490097	0.42337170243263245
1206	0.06298322975635529	0.11829181760549545	0.4231453835964203
1207	0.06365496665239334	0.11836625635623932	0.4234085977077484
1208	0.06424861401319504	0.11850569397211075	0.42345479130744934
1209	0.06403575837612152	0.11827128380537033	0.4239376485347748
1210	0.06340858340263367	0.11803123354911804	0.42563921213150024
1211	0.062522292137146	0.11800521612167358	0.4262584447860718
1212	0.06338100880384445	0.11790075898170471	0.42739447951316833
1213	0.06282392144203186	0.11783717572689056	0.4275519847869873
1214	0.06300531327724457	0.117799311876297	0.4278032183647156
1215	0.06272072345018387	0.11771485209465027	0.42845940589904785
1216	0.06342068314552307	0.11748705059289932	0.4299381375312805
1217	0.062318481504917145	0.11717502772808075	0.4313114285469055
1218	0.06328868865966797	0.11705196648836136	0.4315668046474457
1219	0.06268905848264694	0.11704660207033157	0.4308147430419922
1220	0.06344024091959	0.11708447337150574	0.4296494126319885
1221	0.06235100328922272	0.11735965311527252	0.42763105034828186
1222	0.06204625219106674	0.11726948618888855	0.4266572892665863
1223	0.0630229115486145	0.11715586483478546	0.4262479245662689
1224	0.06340284645557404	0.11725745350122452	0.4256073534488678
1225	0.0624515525996685	0.11730348318815231	0.4253181517124176
1226	0.0631454735994339	0.1174759492278099	0.4247359037399292
1227	0.06324555724859238	0.11756601184606552	0.42473551630973816
1228	0.06303195655345917	0.11766813695430756	0.42460331320762634
1229	0.06220230087637901	0.11772237718105316	0.4250553548336029
1230	0.06299945712089539	0.11780350655317307	0.42450210452079773
1231	0.06207849085330963	0.11792400479316711	0.4234904944896698
1232	0.06266376376152039	0.11813893169164658	0.421914666891098
1233	0.06205415353178978	0.1182473748922348	0.4214562475681305
1234	0.06227031722664833	0.11809306591749191	0.42228469252586365
1235	0.062410980463027954	0.11804797500371933	0.4242546260356903
1236	0.06287786364555359	0.11826023459434509	0.4256715476512909
1237	0.06176001578569412	0.11804423481225967	0.42535290122032166
1238	0.06349440664052963	0.11812769621610641	0.42388325929641724
1239	0.06235034763813019	0.11842823028564453	0.42159250378608704
1240	0.06254583597183228	0.11878257244825363	0.41934433579444885
1241	0.06222812086343765	0.11889061331748962	0.4181917607784271
1242	0.06285461783409119	0.11870893090963364	0.41895633935928345
1243	0.06279453635215759	0.11863861978054047	0.4208552837371826
1244	0.061672791838645935	0.11908061057329178	0.42093053460121155
1245	0.06311357021331787	0.11913331598043442	0.42030176520347595
1246	0.06219669058918953	0.11895232647657394	0.41809332370758057
1247	0.0627622902393341	0.11902332305908203	0.4170496463775635
1248	0.06313290446996689	0.1189526841044426	0.4177386164665222
1249	0.0625166967511177	0.11857260763645172	0.4206557869911194
1250	0.061500370502471924	0.11824627220630646	0.42285075783729553
1251	0.062076468020677567	0.11809229850769043	0.4225104749202728
1252	0.0630464181303978	0.11802022904157639	0.4218125641345978
1253	0.0624786913394928	0.11805859953165054	0.42118045687675476
1254	0.06119249761104584	0.11817390471696854	0.420586496591568
1255	0.0621601827442646	0.1181057021021843	0.42122119665145874
1256	0.0618116669356823	0.11802919209003448	0.42187967896461487
1257	0.06140238046646118	0.11793456971645355	0.42289334535598755
1258	0.06095453351736069	0.1180085688829422	0.42308029532432556
1259	0.06310805678367615	0.11812269687652588	0.4226359724998474
1260	0.06168821081519127	0.11823387444019318	0.4227297604084015
1261	0.06252975761890411	0.11830929666757584	0.4228353500366211
1262	0.0616428516805172	0.11822906881570816	0.4240233302116394
1263	0.06251003593206406	0.1183212399482727	0.4238330125808716
1264	0.0623413510620594	0.11840695142745972	0.4240967333316803
1265	0.06172521039843559	0.1185658723115921	0.42349570989608765
1266	0.06127095967531204	0.11856754869222641	0.42350760102272034
1267	0.06178756430745125	0.11842566728591919	0.42380577325820923
1268	0.06183493882417679	0.11825060099363327	0.4242800176143646
1269	0.06086847931146622	0.11814699321985245	0.4247630834579468
1270	0.061976801604032516	0.11807654798030853	0.42485010623931885
1271	0.061101872473955154	0.1179891973733902	0.425374835729599
1272	0.061143070459365845	0.11781998723745346	0.4272127151489258
